Region,Total Less than 9th grade,"Total 9th to 12th grade, no diploma",Total High school graduate (includes equivalency),"Total Some college, no degree",Total Associate's degree,Total Bachelor's degree,Male  Less than 9th grade,"Male  9th to 12th grade, no diploma",Male  High school graduate (includes equivalency),"Male  Some college, no degree",Male  Associate's degree,Male  Bachelor's degree,Female Less than 9th grade,"Female 9th to 12th grade, no diploma",Female High school graduate (includes equivalency),"Female Some college, no degree",Female Associate's degree,Female Bachelor's degree,Percent Less than 9th grade,"Percent 9th to 12th grade, no diploma",Percent High school graduate (includes equivalency),"Percent Some college, no degree",Percent Associate's degree,Percent Bachelor's degree
Alabama,133650,305297,1014342,721609,292064,546674,70512,157429,499138,333954,116611,253303,63138,147868,515204,387655,175453,293371,4,9.1,30.3,21.6,8.7,16.3
Alaska,11513,21663,137486,125645,42162,90161,5646,12313,78947,66565,20857,40942,5867,9350,58539,59080,21305,49219,2.4,4.5,28.4,26,8.7,18.7
Arizona,248570,339349,1151988,1208298,429153,911228,126199,176328,575381,576889,199953,441178,122371,163021,576607,631409,229200,470050,5.1,7,23.8,24.9,8.9,18.8
Arkansas,95403,164957,686812,445268,151587,308648,51068,85319,353092,207010,57195,142105,44335,79638,333720,238258,94392,166543,4.7,8.1,33.9,22,7.5,15.2
California,2367996,1918542,5431385,5566520,2123827,5764827,1125567,1010266,2765552,2724553,949935,2764363,1242429,908276,2665833,2841967,1173892,3000464,8.9,7.2,20.4,20.9,8,21.6
Colorado,128623,180162,827081,809908,332127,1015989,65784,95483,435348,403659,151346,495933,62839,84679,391733,406249,180781,520056,3.3,4.6,21.2,20.8,8.5,26
Connecticut,99436,126114,655381,419238,193036,551459,49221,66734,328904,199612,77725,261124,50215,59380,326477,219626,115311,290335,4,5.1,26.3,16.8,7.8,22.2
Delaware,22233,41610,210998,128397,54589,129092,11498,23415,104525,59459,21121,59723,10735,18195,106473,68938,33468,69369,3.3,6.1,31,18.9,8,19
District of Columbia,16741,24070,83347,63270,14583,126808,8360,12027,40204,28055,5703,59914,8381,12043,43143,35215,8880,66894,3.3,4.8,16.6,12.6,2.9,25.3
Florida,701815,1049983,4308542,3013331,1521709,2938593,347828,552775,2111668,1432607,651616,1388109,353987,497208,2196874,1580724,870093,1550484,4.6,6.9,28.2,19.8,10,19.3
Georgia,311893,536760,1925374,1410017,559719,1377311,164373,283949,963114,649281,228379,644377,147520,252811,962260,760736,331340,732934,4.5,7.7,27.5,20.2,8,19.7
Hawaii,34509,40366,272031,206808,108220,218679,13830,20892,141776,104329,52479,102092,20679,19474,130255,102479,55741,116587,3.5,4.1,27.3,20.8,10.9,21.9
Idaho,35736,64453,305717,298415,112676,221092,18879,35237,157384,140397,51912,103612,16857,29216,148333,158018,60764,117480,3.1,5.6,26.7,26.1,9.8,19.3
Illinois,401341,496997,2220409,1775548,707131,1875011,197335,265503,1114407,851129,310664,895556,204006,231494,1106002,924419,396467,979455,4.6,5.7,25.6,20.4,8.1,21.6
Indiana,159253,317172,1482396,898491,396074,770901,83035,162735,748796,425323,166998,365106,76218,154437,733600,473168,229076,405795,3.6,7.1,33.2,20.1,8.9,17.3
Iowa,61329,97072,647371,433481,248496,415048,32173,52719,338216,209711,108847,192125,29156,44353,309155,223770,139649,222923,2.9,4.6,30.8,20.6,11.8,19.7
Kansas,66244,99129,494226,435361,168417,410344,34352,53991,254740,210588,73907,195031,31892,45138,239486,224773,94510,215313,3.5,5.2,25.8,22.8,8.8,21.5
Kentucky,151985,237657,990196,635328,259993,447884,80017,125611,508889,298246,101782,217129,71968,112046,481307,337082,158211,230755,5,7.8,32.6,20.9,8.6,14.8
Louisiana,147491,296685,1044356,665481,204960,499998,80985,159169,526718,311665,84749,219405,66506,137516,517638,353816,120211,280593,4.7,9.5,33.3,21.2,6.5,15.9
Maine,22218,44307,307457,188826,100402,199746,12456,24931,159294,90974,44725,88526,9762,19376,148163,97852,55677,111220,2.3,4.5,31.3,19.2,10.2,20.3
Maryland,161130,231898,1006008,779586,282898,907523,83714,121039,502982,360661,114657,423294,77416,110859,503026,418925,168241,484229,3.9,5.6,24.2,18.7,6.8,21.8
Massachusetts,202050,227744,1133358,738260,369777,1181453,95625,118663,579178,347706,148567,560775,106425,109081,554180,390554,221210,620678,4.2,4.7,23.5,15.3,7.7,24.5
Michigan,186848,409465,1955654,1587649,658927,1251117,95367,215301,982549,771165,270875,594043,91481,194164,973105,816484,388052,657074,2.7,6,28.5,23.2,9.6,18.3
Minnesota,104830,147501,921198,789426,440908,919059,50237,82923,482066,390013,203964,436916,54593,64578,439132,399413,236944,482143,2.8,3.9,24.2,20.8,11.6,24.2
Mississippi,92808,198227,596914,440709,203255,274566,49802,106684,302749,203493,82419,118293,43006,91543,294165,237216,120836,156273,4.7,10,30.1,22.2,10.2,13.8
Missouri,121333,271712,1275987,920515,336661,770259,61355,140153,649359,432320,143272,363832,59978,131559,626628,488195,193389,406427,2.9,6.5,30.5,22,8.1,18.4
Montana,12577,31651,206206,171489,69269,163183,6803,17612,108679,83308,31091,77925,5774,14039,97527,88181,38178,85258,1.7,4.3,28.1,23.3,9.4,22.2
Nebraska,47818,58366,324098,285338,134605,269312,25472,31402,167268,136285,67094,125293,22346,26964,156830,149053,67511,144019,3.8,4.6,25.7,22.7,10.7,21.4
Nevada,111954,162045,584698,525967,176159,348505,54268,84132,299153,260098,82096,169425,57686,77913,285545,265869,94063,179080,5.3,7.7,27.9,25.1,8.4,16.6
New Hampshire,21380,44075,264953,174701,101368,223814,11468,25762,137654,83217,43726,108179,9912,18313,127299,91484,57642,115635,2.2,4.5,27.3,18,10.4,23
New Jersey,287866,312895,1649853,996254,409571,1530150,139321,159644,797490,491723,170247,718302,148545,153251,852363,504531,239324,811848,4.7,5.1,26.7,16.1,6.6,24.8
New Mexico,79336,111740,370125,331091,124718,223875,39953,59114,191531,158648,54290,102988,39383,52626,178594,172443,70428,120887,5.6,7.9,26.2,23.4,8.8,15.8
New York,820567,923323,3474389,2109389,1208697,2854930,385113,470624,1714614,1038519,526466,1366735,435454,452699,1759775,1070870,682231,1488195,6,6.8,25.5,15.5,8.9,20.9
North Carolina,301823,513393,1806403,1500016,701248,1448972,163927,277846,908568,698012,282053,662302,137896,235547,897835,802004,419195,786670,4.3,7.2,25.5,21.1,9.9,20.4
North Dakota,13286,21022,129837,110481,70246,109962,7191,11927,71024,57950,34835,50527,6095,9095,58813,52531,35411,59435,2.7,4.2,26.1,22.2,14.1,22.1
Ohio,217670,521100,2629870,1628291,702496,1438177,109567,267476,1318001,785607,283379,683669,108103,253624,1311869,842684,419117,754508,2.7,6.5,32.8,20.3,8.8,17.9
Oklahoma,101338,197694,812618,602288,214840,448366,55136,101631,414487,285452,93754,208834,46202,96063,398131,316836,121086,239532,3.9,7.6,31.1,23.1,8.2,17.2
Oregon,101405,159380,667341,737552,266108,627360,52716,88300,337989,352622,123550,299979,48689,71080,329352,384930,142558,327381,3.4,5.4,22.7,25,9,21.3
Pennsylvania,275881,534086,3072381,1425593,775540,1754311,137311,274379,1514758,690896,332047,847743,138570,259707,1557623,734697,443493,906568,3.1,5.9,34.2,15.9,8.6,19.5
Rhode Island,35049,45209,207358,133216,60894,155981,16555,23037,104386,61357,26754,73858,18494,22172,102972,71859,34140,82123,4.7,6.1,28,18,8.2,21
South Carolina,128691,281643,1014022,722543,347421,638394,69048,148162,502028,330538,143472,301324,59643,133481,511994,392005,203949,337070,3.7,8,28.9,20.6,9.9,18.2
South Dakota,16290,28880,175340,122222,67521,116400,9047,15315,94558,59938,31616,54483,7243,13565,80782,62284,35905,61917,2.8,5,30.2,21.1,11.6,20.1
Tennessee,196509,351224,1479648,964332,349162,826947,103071,181842,739105,451617,141020,388661,93438,169382,740543,512715,208142,438286,4.2,7.6,31.8,20.7,7.5,17.8
Texas,1444382,1440352,4559034,3974299,1369606,3671085,724615,748194,2292848,1908574,622338,1739411,719767,692158,2266186,2065725,747268,1931674,7.8,7.8,24.7,21.5,7.4,19.9
Utah,45753,85957,425180,476967,186545,429936,22953,46472,205417,231259,82267,210367,22800,39485,219763,245708,104278,219569,2.4,4.6,22.8,25.5,10,23
Vermont,8653,20104,124892,74019,39093,103940,4703,12584,67606,34974,16805,47000,3950,7520,57286,39045,22288,56940,2,4.5,28.3,16.7,8.8,23.5
Virginia,226926,336675,1392823,1111802,459233,1304079,117753,175333,707708,523278,191101,608206,109173,161342,685115,588524,268132,695873,3.9,5.8,23.9,19.1,7.9,22.4
Washington,181372,250031,1133689,1201507,525934,1183949,89510,136987,584928,582745,239461,579345,91862,113044,548761,618762,286473,604604,3.5,4.8,21.8,23.1,10.1,22.8
West Virginia,52129,106902,513143,240530,97740,163598,28690,55910,263609,113799,37583,76845,23439,50992,249534,126731,60157,86753,4.1,8.3,40,18.7,7.6,12.7
Wisconsin,100347,194860,1205321,817098,437945,806518,51909,110951,622627,402146,201002,373205,48438,83909,582694,414952,236943,433313,2.5,4.9,30.3,20.5,11,20.3
Wyoming,7050,18151,112183,99792,44944,69396,4035,9464,62185,49200,20123,32716,3015,8687,49998,50592,24821,36680,1.8,4.6,28.6,25.4,11.4,17.7
Puerto Rico,340603,183717,654014,281529,249631,443697,167812,99714,333862,135213,102705,166264,172791,84003,320152,146316,146926,277433,14.6,7.9,28.1,12.1,10.7,19
"Aberdeen, SD Micro Area",746,1041,8638,5690,3425,6133,368,453,4834,2847,1611,2657,378,588,3804,2843,1814,3476,2.6,3.7,30.4,20,12.1,21.6
"Aberdeen, WA Micro Area",1679,3749,19068,14453,6133,5673,1002,2100,10405,6921,3026,2634,677,1649,8663,7532,3107,3039,3.1,7,35.5,26.9,11.4,10.6
"Abilene, TX Metro Area",4595,8509,34867,25672,8812,17533,2393,4699,17927,12521,4326,8128,2202,3810,16940,13151,4486,9405,4.2,7.8,32,23.5,8.1,16.1
"Ada, OK Micro Area",651,2021,7930,5521,1574,4483,387,1074,4208,2589,606,1914,264,947,3722,2932,968,2569,2.6,8.1,31.9,22.2,6.3,18
"Adrian, MI Micro Area",1537,4606,25467,16117,6338,9123,896,2295,13463,8442,2708,4007,641,2311,12004,7675,3630,5116,2.2,6.7,37.2,23.5,9.3,13.3
"Aguadilla-Isabela, PR Metro Area",44287,20235,60178,23115,20885,33824,23234,10297,31255,11513,9191,11906,21053,9938,28923,11602,11694,21918,20.7,9.5,28.2,10.8,9.8,15.8
"Akron, OH Metro Area",10958,27094,153448,99095,40325,98627,5021,13890,76406,47282,17145,47011,5937,13204,77042,51813,23180,51616,2.2,5.6,31.5,20.3,8.3,20.2
"Alamogordo, NM Micro Area",2246,3595,12435,13240,4438,5576,1081,1932,6832,6623,1793,2774,1165,1663,5603,6617,2645,2802,5.1,8.1,28.1,29.9,10,12.6
"Albany, GA Metro Area",4155,9818,30631,22515,9672,11438,2007,5143,15652,9579,3685,5055,2148,4675,14979,12936,5987,6383,4.3,10.1,31.6,23.3,10,11.8
"Albany-Lebanon, OR Metro Area",2714,6281,25915,27765,8657,11406,1512,3550,12960,13174,4087,4994,1202,2731,12955,14591,4570,6412,3.1,7.1,29.2,31.3,9.8,12.9
"Albany-Schenectady-Troy, NY Metro Area",15461,30812,154198,100265,74773,128421,8225,16061,74781,48439,33197,64573,7236,14751,79417,51826,41576,63848,2.5,5,25.2,16.4,12.2,21
"Albemarle, NC Micro Area",1871,4017,13944,10461,5579,5526,1129,2523,7095,5023,2229,2423,742,1494,6849,5438,3350,3103,4.3,9.2,32,24,12.8,12.7
"Albert Lea, MN Micro Area",1015,1551,7455,4927,3132,2588,481,822,3878,2468,1332,1204,534,729,3577,2459,1800,1384,4.7,7.1,34.2,22.6,14.4,11.9
"Albertville, AL Micro Area",4539,6187,19988,14318,5992,9037,2358,3148,9668,7278,2013,4741,2181,3039,10320,7040,3979,4296,7.1,9.6,31.1,22.3,9.3,14
"Albuquerque, NM Metro Area",24678,40988,153621,148116,56325,116845,12190,21584,77666,71615,25903,53214,12488,19404,75955,76501,30422,63631,3.9,6.5,24.3,23.4,8.9,18.5
"Alexander City, AL Micro Area",1569,5234,12965,8111,2824,4076,1000,2649,6692,3471,1081,1767,569,2585,6273,4640,1743,2309,4.2,14.1,35,21.9,7.6,11
"Alexandria, LA Metro Area",4947,9325,38377,22887,6758,12776,2669,5626,19874,10428,2581,5316,2278,3699,18503,12459,4177,7460,4.8,9.1,37.4,22.3,6.6,12.4
"Alexandria, MN Micro Area",398,818,8287,5257,4993,5186,215,512,4173,2593,2437,2461,183,306,4114,2664,2556,2725,1.5,3,30.6,19.4,18.4,19.1
"Alice, TX Micro Area",3288,4463,11270,7121,2003,3629,1481,2147,6394,3247,764,1623,1807,2316,4876,3874,1239,2006,10,13.5,34.2,21.6,6.1,11
"Allentown-Bethlehem-Easton, PA-NJ Metro Area",20049,35308,199364,97935,54977,112649,10003,17201,99099,47178,23089,55198,10046,18107,100265,50757,31888,57451,3.4,6,33.9,16.7,9.4,19.2
"Alma, MI Micro Area",674,1568,11384,7308,2633,3209,428,1046,6557,3800,1138,1514,246,522,4827,3508,1495,1695,2.4,5.6,40.3,25.9,9.3,11.4
"Alpena, MI Micro Area",397,1109,7387,5580,2880,2448,187,531,3786,2828,1191,1069,210,578,3601,2752,1689,1379,1.9,5.2,34.9,26.4,13.6,11.6
"Altoona, PA Metro Area",1991,5301,39096,14241,7950,13365,1034,2994,19056,6732,3131,6274,957,2307,20040,7509,4819,7091,2.3,6,44.3,16.1,9,15.1
"Altus, OK Micro Area",950,1339,4634,3898,1612,2303,498,617,2106,1975,702,1244,452,722,2528,1923,910,1059,5.9,8.4,29,24.4,10.1,14.4
"Amarillo, TX Metro Area",10107,13777,48121,43497,14982,28185,5330,7733,26785,20295,6465,12997,4777,6044,21336,23202,8517,15188,5.9,8,28,25.3,8.7,16.4
"Americus, GA Micro Area",1332,2153,7887,4776,2008,2179,741,1090,4031,2344,608,883,591,1063,3856,2432,1400,1296,6,9.6,35.3,21.4,9,9.8
"Ames, IA Metro Area",718,2003,14875,12924,8169,18827,351,1196,7617,6559,4003,8838,367,807,7258,6365,4166,9989,1,2.9,21.2,18.4,11.6,26.8
"Amsterdam, NY Micro Area",1523,2639,11998,7226,4428,3639,826,1457,6398,3456,1700,1628,697,1182,5600,3770,2728,2011,4.5,7.7,35.1,21.1,13,10.6
"Anchorage, AK Metro Area",5638,10416,69341,66981,24163,53699,2402,5835,38692,34857,11677,24184,3236,4581,30649,32124,12486,29515,2.2,4,26.4,25.5,9.2,20.5
"Andrews, TX Micro Area",1362,1187,3656,2292,813,1194,816,589,1917,1141,304,375,546,598,1739,1151,509,819,12.4,10.8,33.4,20.9,7.4,10.9
"Angola, IN Micro Area",495,1573,9415,4669,2427,3304,216,952,4412,2358,1259,1649,279,621,5003,2311,1168,1655,2.1,6.6,39.3,19.5,10.1,13.8
"Ann Arbor, MI Metro Area",3028,6944,33997,40431,15759,61734,1779,3428,16757,20631,6350,29074,1249,3516,17240,19800,9409,32660,1.3,3,14.7,17.5,6.8,26.7
"Anniston-Oxford, AL Metro Area",3829,7958,27203,19007,6080,8296,1807,4090,13152,8917,2760,3736,2022,3868,14051,10090,3320,4560,4.8,10.1,34.4,24.1,7.7,10.5
"Appleton, WI Metro Area",3434,5883,50238,31492,21994,34236,1723,3559,25454,15222,10935,16132,1711,2324,24784,16270,11059,18104,2.1,3.6,31.1,19.5,13.6,21.2
"Arcadia, FL Micro Area",3393,3519,11812,3658,1351,2198,2193,2612,6436,1741,732,1015,1200,907,5376,1917,619,1183,12.6,13,43.7,13.5,5,8.1
"Ardmore, OK Micro Area",1519,3654,14588,9197,2780,4617,710,1801,7537,4381,1137,1968,809,1853,7051,4816,1643,2649,3.9,9.3,37.2,23.5,7.1,11.8
"Arecibo, PR Metro Area",20894,10654,35182,13994,17452,22674,10178,5457,19037,6587,7235,8694,10716,5197,16145,7407,10217,13980,16.2,8.3,27.4,10.9,13.6,17.6
"Arkadelphia, AR Micro Area",423,1019,4243,3197,871,2154,207,464,2027,1647,291,808,216,555,2216,1550,580,1346,3.2,7.8,32.6,24.5,6.7,16.5
"Asheville, NC Metro Area",10671,19802,83994,68166,33637,76252,5788,10250,42213,32573,13901,33283,4883,9552,41781,35593,19736,42969,3.1,5.8,24.7,20,9.9,22.4
"Ashland, OH Micro Area",1106,2426,15209,6515,2582,5135,526,1168,7852,3228,906,2180,580,1258,7357,3287,1676,2955,3.1,6.8,42.6,18.3,7.2,14.4
"Ashtabula, OH Micro Area",3183,6307,29314,13932,5501,7009,1874,3712,14993,6649,2433,3133,1309,2595,14321,7283,3068,3876,4.6,9.2,42.8,20.4,8,10.2
"Astoria, OR Micro Area",536,1678,7957,8686,3169,4475,301,897,3925,4399,1350,2163,235,781,4032,4287,1819,2312,1.9,5.8,27.5,30,10.9,15.4
"Atchison, KS Micro Area",276,464,4281,2232,803,1239,141,310,2156,990,215,605,135,154,2125,1242,588,634,2.7,4.6,42.1,21.9,7.9,12.2
"Athens, OH Micro Area",811,2777,12057,6559,3199,5416,442,1784,6219,3085,1288,2523,369,993,5838,3474,1911,2893,2.2,7.5,32.4,17.6,8.6,14.5
"Athens, TN Micro Area",1958,3710,14538,7952,3275,4183,1150,1664,7197,3729,1359,1981,808,2046,7341,4223,1916,2202,5.2,9.8,38.4,21,8.6,11
"Athens, TX Micro Area",2912,5835,19424,14885,4300,6747,1649,2880,9766,6727,1768,3319,1263,2955,9658,8158,2532,3428,5,10.1,33.5,25.7,7.4,11.6
"Athens-Clarke County, GA Metro Area",4821,9213,30650,22687,9631,25500,2389,5174,15365,10732,3792,11976,2432,4039,15285,11955,5839,13524,3.7,7.2,23.8,17.6,7.5,19.8
"Atlanta-Sandy Springs-Alpharetta, GA Metro Area",154503,234018,937796,760344,305353,968199,80877,121262,463805,350400,126176,453831,73626,112756,473991,409944,179177,514368,3.9,5.9,23.7,19.2,7.7,24.5
"Atlantic City-Hammonton, NJ Metro Area",8882,13548,59531,36183,13262,34403,4331,7061,28305,17689,5731,15633,4551,6487,31226,18494,7531,18770,4.8,7.3,32.3,19.6,7.2,18.6
"Atmore, AL Micro Area",1213,3837,11056,4445,1939,2252,709,2220,6001,2039,665,1030,504,1617,5055,2406,1274,1222,4.7,14.9,43,17.3,7.5,8.8
"Auburn, IN Micro Area",563,2061,12839,5793,2713,3866,301,1073,6422,2788,1221,1856,262,988,6417,3005,1492,2010,1.9,7.1,43.9,19.8,9.3,13.2
"Auburn, NY Micro Area",1779,4766,18394,10602,7851,7539,1143,3019,9872,5164,3513,3800,636,1747,8522,5438,4338,3739,3.2,8.6,33.1,19.1,14.1,13.6
"Auburn-Opelika, AL Metro Area",2918,6651,22153,21458,9956,19926,1385,3439,10925,10756,3833,9989,1533,3212,11228,10702,6123,9937,2.9,6.7,22.3,21.6,10,20.1
"Augusta-Richmond County, GA-SC Metro Area",13810,34591,126589,86562,39088,67084,7331,17276,62949,39680,16797,31066,6479,17315,63640,46882,22291,36018,3.4,8.4,30.9,21.1,9.5,16.4
"Augusta-Waterville, ME Micro Area",2282,3686,29472,17571,9410,15694,1552,2012,14972,8154,4227,6937,730,1674,14500,9417,5183,8757,2.6,4.2,33.4,19.9,10.7,17.8
"Austin, MN Micro Area",1521,1655,8740,5631,3220,4120,932,850,4478,2871,1421,1830,589,805,4262,2760,1799,2290,5.7,6.2,32.6,21,12,15.4
"Austin-Round Rock-Georgetown, TX Metro Area",70815,67199,271664,288430,93157,430647,35458,35911,134388,145913,44968,211901,35357,31288,137276,142517,48189,218746,4.8,4.6,18.5,19.7,6.4,29.4
"Bainbridge, GA Micro Area",1281,1755,6476,3751,1976,1466,634,1049,3336,1576,726,582,647,706,3140,2175,1250,884,7.2,9.9,36.5,21.2,11.1,8.3
"Bakersfield, CA Metro Area",70058,64064,149716,124525,42354,61882,36045,36433,80696,61826,18348,28983,34013,27631,69020,62699,24006,32899,12.9,11.8,27.5,22.9,7.8,11.4
"Baltimore-Columbia-Towson, MD Metro Area",56623,112372,474600,370582,131792,438592,27826,56732,232798,171316,52782,207996,28797,55640,241802,199266,79010,230596,2.9,5.8,24.4,19.1,6.8,22.6
"Bangor, ME Metro Area",2450,5270,36200,21599,11838,19119,1538,3165,18924,10449,5409,7966,912,2105,17276,11150,6429,11153,2.3,4.9,33.4,19.9,10.9,17.7
"Baraboo, WI Micro Area",1190,2731,15312,9531,5373,7418,596,1530,7998,4615,2398,3526,594,1201,7314,4916,2975,3892,2.7,6.1,34.2,21.3,12,16.6
"Bardstown, KY Micro Area",670,1809,11264,7709,3854,3659,280,1136,6178,3528,1525,1814,390,673,5086,4181,2329,1845,2.1,5.8,35.9,24.6,12.3,11.7
"Barnstable Town, MA Metro Area",2125,4830,37765,30759,16075,41502,1260,2488,19758,13837,6134,18557,865,2342,18007,16922,9941,22945,1.3,2.9,22.7,18.5,9.7,24.9
"Barre, VT Micro Area",542,1872,10669,7117,3286,10560,318,1203,5554,3318,1274,5038,224,669,5115,3799,2012,5522,1.3,4.5,25.6,17.1,7.9,25.3
"Bartlesville, OK Micro Area",750,2453,12124,7113,2752,6709,365,1240,5638,3129,1150,3298,385,1213,6486,3984,1602,3411,2.1,6.9,34.3,20.1,7.8,19
"Batavia, NY Micro Area",906,2301,15587,7795,5717,5344,471,1321,8463,4126,2158,2563,435,980,7124,3669,3559,2781,2.2,5.6,37.7,18.8,13.8,12.9
"Batesville, AR Micro Area",1709,4004,14361,8919,2784,4045,899,2222,7400,4122,949,1671,810,1782,6961,4797,1835,2374,4.5,10.6,38,23.6,7.4,10.7
"Baton Rouge, LA Metro Area",21551,46960,176214,119291,35628,101997,12080,26486,89216,56922,15943,45093,9471,20474,86998,62369,19685,56904,3.8,8.4,31.4,21.3,6.3,18.2
"Battle Creek, MI Metro Area",2515,5905,32646,22202,8426,12613,1314,2952,16690,10798,3565,5602,1201,2953,15956,11404,4861,7011,2.8,6.5,35.8,24.3,9.2,13.8
"Bay City, MI Metro Area",1919,5160,25774,18956,8314,9978,910,2434,13221,9541,3531,4471,1009,2726,12553,9415,4783,5507,2.6,6.9,34.4,25.3,11.1,13.3
"Bay City, TX Micro Area",2612,1707,7201,6043,1828,3112,1211,959,3949,2740,816,1536,1401,748,3252,3303,1012,1576,10.8,7.1,29.9,25.1,7.6,12.9
"Beatrice, NE Micro Area",505,928,5327,3333,1881,2279,280,451,2802,1549,919,974,225,477,2525,1784,962,1305,3.3,6.1,35.3,22.1,12.4,15.1
"Beaumont-Port Arthur, TX Metro Area",15472,22438,90053,63805,23058,34142,8341,12003,48210,30705,11080,15059,7131,10435,41843,33100,11978,19083,5.9,8.5,34.2,24.2,8.8,13
"Beaver Dam, WI Micro Area",1524,4080,25610,13417,7621,7993,750,2656,14437,7035,3476,3292,774,1424,11173,6382,4145,4701,2.4,6.4,40.2,21.1,12,12.5
"Beckley, WV Metro Area",3660,7846,34365,17129,6262,9957,1966,4122,17965,8198,2249,5036,1694,3724,16400,8931,4013,4921,4.3,9.3,40.6,20.2,7.4,11.8
"Bedford, IN Micro Area",1111,2411,13297,6003,3339,3639,436,1260,6044,2935,1644,1840,675,1151,7253,3068,1695,1799,3.4,7.5,41.3,18.6,10.4,11.3
"Beeville, TX Micro Area",1871,2754,7466,6065,1673,1248,1182,2183,5532,3178,822,574,689,571,1934,2887,851,674,8.4,12.4,33.6,27.3,7.5,5.6
"Bellefontaine, OH Micro Area",497,1839,14226,6316,3076,3567,267,1040,7197,2932,1351,1544,230,799,7029,3384,1725,2023,1.6,5.9,45.5,20.2,9.8,11.4
"Bellingham, WA Metro Area",3578,7347,33284,36308,16387,33144,1824,4379,17020,17418,7662,15668,1754,2968,16264,18890,8725,17476,2.4,4.9,22.2,24.2,10.9,22.1
"Bemidji, MN Micro Area",614,1611,8016,6467,3492,5330,369,869,4381,2920,1365,2492,245,742,3635,3547,2127,2838,2.1,5.6,27.8,22.4,12.1,18.5
"Bend, OR Metro Area",2532,6173,30264,35087,14009,32008,1499,3562,15418,17082,6351,14538,1033,2611,14846,18005,7658,17470,1.8,4.4,21.6,25,10,22.8
"Bennettsville, SC Micro Area",1412,2807,8404,3346,1445,879,914,1714,4211,1578,751,375,498,1093,4193,1768,694,504,7.5,14.9,44.6,17.7,7.7,4.7
"Bennington, VT Micro Area",507,1373,7146,4943,1940,5594,207,802,3882,2257,756,2330,300,571,3264,2686,1184,3264,2,5.4,28.1,19.4,7.6,22
"Berlin, NH Micro Area",980,1920,9482,4471,2643,3047,556,1245,5257,2293,1211,1397,424,675,4225,2178,1432,1650,4,7.9,39.1,18.4,10.9,12.6
"Big Rapids, MI Micro Area",716,1628,10039,6165,2644,3830,427,1005,5058,3063,1025,1656,289,623,4981,3102,1619,2174,2.6,5.9,36.5,22.4,9.6,13.9
"Big Spring, TX Micro Area",2174,2750,8590,6356,1582,2263,1519,1723,5269,3491,728,1025,655,1027,3321,2865,854,1238,8.8,11.1,34.7,25.7,6.4,9.1
"Big Stone Gap, VA Micro Area",2483,4172,9882,6200,2946,2615,1510,2525,5012,3158,1037,1209,973,1647,4870,3042,1909,1406,8.2,13.8,32.6,20.4,9.7,8.6
"Billings, MT Metro Area",1807,4706,37041,29700,11229,27939,1083,2622,19003,13668,5300,13295,724,2084,18038,16032,5929,14644,1.4,3.8,29.6,23.8,9,22.4
"Binghamton, NY Metro Area",4534,10711,52056,28506,20670,25463,2327,5630,25068,13590,8708,13254,2207,5081,26988,14916,11962,12209,2.8,6.6,32.1,17.6,12.7,15.7
"Birmingham-Hoover, AL Metro Area",23116,53864,203197,160880,64014,151863,12479,28461,99232,73636,26004,69298,10637,25403,103965,87244,38010,82565,3.1,7.2,27.2,21.6,8.6,20.4
"Bismarck, ND Metro Area",2197,3191,20923,18287,13221,21632,1186,1672,10677,9631,6643,9703,1011,1519,10246,8656,6578,11929,2.5,3.6,23.9,20.9,15.1,24.7
"Blackfoot, ID Micro Area",1339,1612,9223,7045,2949,3963,827,1037,4731,3243,1241,1814,512,575,4492,3802,1708,2149,4.8,5.8,33.1,25.3,10.6,14.2
"Blacksburg-Christiansburg, VA Metro Area",2749,5537,27915,21137,8239,18232,1573,2502,14600,9927,3556,8712,1176,3035,13315,11210,4683,9520,2.7,5.4,27.3,20.7,8.1,17.8
"Bloomington, IL Metro Area",1321,2636,25297,20420,8522,30851,717,1265,12246,10356,3483,14651,604,1371,13051,10064,5039,16200,1.3,2.5,24.1,19.4,8.1,29.4
"Bloomington, IN Metro Area",1917,6245,25222,18329,7861,21431,1045,3051,13167,8966,3383,10623,872,3194,12055,9363,4478,10808,1.9,6.2,25.1,18.2,7.8,21.3
"Bloomsburg-Berwick, PA Metro Area",1308,3880,23944,8064,4819,8653,614,2056,11581,4146,2068,4045,694,1824,12363,3918,2751,4608,2.3,6.8,42,14.1,8.4,15.2
"Bluefield, WV-VA Micro Area",5022,7175,29543,15365,6368,9063,2501,3514,15565,6748,2599,4419,2521,3661,13978,8617,3769,4644,6.5,9.3,38.3,19.9,8.3,11.7
"Bluffton, IN Micro Area",331,1144,7671,3919,2397,2570,193,606,3818,1951,817,1275,138,538,3853,1968,1580,1295,1.7,6,40.3,20.6,12.6,13.5
"Blytheville, AR Micro Area",1870,2970,10455,5231,2238,2706,1035,1420,5346,2606,892,971,835,1550,5109,2625,1346,1735,6.9,11,38.8,19.4,8.3,10
"Bogalusa, LA Micro Area",1971,4175,13485,6500,1752,2570,904,2241,6917,3189,842,728,1067,1934,6568,3311,910,1842,6.2,13.2,42.7,20.6,5.5,8.1
"Boise City, ID Metro Area",13960,23905,118159,122260,44369,107870,7223,12623,59536,57936,20802,51420,6737,11282,58623,64324,23567,56450,2.9,4.9,24.5,25.3,9.2,22.3
"Bonham, TX Micro Area",1228,2324,8867,6331,1441,2999,744,1501,4914,3237,661,1344,484,823,3953,3094,780,1655,5,9.4,36,25.7,5.9,12.2
"Boone, NC Micro Area",1193,1871,6857,5999,2796,7628,697,1275,3698,2875,1225,3628,496,596,3159,3124,1571,4000,3.7,5.7,21,18.4,8.6,23.3
"Borger, TX Micro Area",736,1196,4700,3989,1185,1646,278,530,2946,1878,322,831,458,666,1754,2111,863,815,5.3,8.6,33.7,28.6,8.5,11.8
"Boston-Cambridge-Newton, MA-NH Metro Area",136848,136143,734596,487546,243104,906179,63901,70334,371503,233234,97812,434943,72947,65809,363093,254312,145292,471236,4,4,21.6,14.3,7.1,26.6
"Boulder, CO Metro Area",4311,5336,24414,31973,13861,74561,2282,2653,12488,16751,6485,36194,2029,2683,11926,15222,7376,38367,2,2.5,11.3,14.8,6.4,34.6
"Bowling Green, KY Metro Area",6996,8270,34642,22117,9615,17981,3541,4215,18190,10602,3923,8708,3455,4055,16452,11515,5692,9273,6.2,7.4,30.9,19.7,8.6,16.1
"Bozeman, MT Micro Area",753,1385,12708,14952,4819,23709,325,946,6426,8110,2430,11935,428,439,6282,6842,2389,11774,1.1,1.9,17.8,20.9,6.7,33.2
"Bradford, PA Micro Area",706,1696,13680,4610,2987,3552,495,799,7364,2222,1552,1721,211,897,6316,2388,1435,1831,2.4,5.8,46.8,15.8,10.2,12.2
"Brainerd, MN Micro Area",834,3236,20702,17031,8643,11680,508,1883,10727,8302,3966,5541,326,1353,9975,8729,4677,6139,1.2,4.8,30.4,25,12.7,17.2
"Branson, MO Micro Area",744,3020,13329,10204,3211,5633,347,1476,6592,4523,1392,2577,397,1544,6737,5681,1819,3056,1.9,7.8,34.4,26.4,8.3,14.6
"Breckenridge, CO Micro Area",579,1018,3535,4525,1307,8974,375,711,2109,2775,567,4411,204,307,1426,1750,740,4563,2.5,4.3,15,19.2,5.5,38
"Bremerton-Silverdale-Port Orchard, WA Metro Area",2859,6772,40056,53169,20504,42364,1177,3544,20437,27166,10358,19838,1682,3228,19619,26003,10146,22526,1.5,3.6,21.3,28.3,10.9,22.5
"Brenham, TX Micro Area",1358,1585,7314,4889,1817,4302,834,906,3643,2178,850,1816,524,679,3671,2711,967,2486,5.8,6.7,31,20.7,7.7,18.2
"Brevard, NC Micro Area",754,1595,6417,6048,2419,5481,360,799,2942,2572,1157,2777,394,796,3475,3476,1262,2704,2.9,6.1,24.6,23.2,9.3,21
"Bridgeport-Stamford-Norwalk, CT Metro Area",33571,29610,134341,92894,39623,174948,16738,15233,65863,43273,16638,81349,16833,14377,68478,49621,22985,93599,5.2,4.6,20.8,14.4,6.1,27.1
"Brookhaven, MS Micro Area",786,2368,8944,5059,2561,2130,528,1035,4730,1996,1059,912,258,1333,4214,3063,1502,1218,3.4,10.1,38.2,21.6,10.9,9.1
"Brookings, OR Micro Area",485,1001,5269,5684,1884,2551,235,468,2816,2665,1054,1006,250,533,2453,3019,830,1545,2.6,5.3,28.1,30.4,10.1,13.6
"Brookings, SD Micro Area",233,451,4728,3648,1821,4991,132,182,2761,1740,1053,2457,101,269,1967,1908,768,2534,1.2,2.4,25.1,19.4,9.7,26.5
"Brownsville, TN Micro Area",507,1376,5749,2432,672,893,229,681,2674,995,308,447,278,695,3075,1437,364,446,4.2,11.4,47.4,20.1,5.5,7.4
"Brownsville-Harlingen, TX Metro Area",43429,34775,64940,42347,18068,31264,18168,17106,31202,20135,9197,15075,25261,17669,33738,22212,8871,16189,17.5,14,26.1,17,7.3,12.6
"Brownwood, TX Micro Area",1176,2219,9196,6474,1842,3916,684,1234,4837,2729,705,1994,492,985,4359,3745,1137,1922,4.5,8.5,35.1,24.7,7,15
"Brunswick, GA Metro Area",2892,7940,26315,19159,7037,12613,1677,4114,13245,8404,2190,5668,1215,3826,13070,10755,4847,6945,3.4,9.5,31.4,22.8,8.4,15
"Bucyrus-Galion, OH Micro Area",831,1975,13571,5277,3222,2926,425,1082,7128,2451,1118,1296,406,893,6443,2826,2104,1630,2.8,6.7,46.2,18,11,10
"Buffalo-Cheektowaga, NY Metro Area",20657,43641,222726,146502,99229,150087,10102,22695,108969,71570,42286,74621,10555,20946,113757,74932,56943,75466,2.6,5.5,27.9,18.3,12.4,18.8
"Burley, ID Micro Area",2507,2523,8179,6823,2730,3168,1527,1436,4137,3221,1051,1634,980,1087,4042,3602,1679,1534,9.2,9.2,29.9,25,10,11.6
"Burlington, IA-IL Micro Area",567,1967,11198,7894,4506,4294,273,1041,5587,3919,1686,1954,294,926,5611,3975,2820,2340,1.7,6.1,34.5,24.3,13.9,13.2
"Burlington, NC Metro Area",5410,8562,31196,25990,12234,19504,2872,4248,15382,12184,4914,8293,2538,4314,15814,13806,7320,11211,4.8,7.7,27.9,23.3,11,17.5
"Burlington-South Burlington, VT Metro Area",3286,5753,34486,22745,13499,40846,1698,3404,18054,10835,6225,19766,1588,2349,16432,11910,7274,21080,2.2,3.9,23.3,15.4,9.1,27.6
"Butte-Silver Bow, MT Micro Area",430,1120,8259,5621,1862,4717,255,611,4444,2520,862,2367,175,509,3815,3101,1000,2350,1.8,4.7,34.6,23.6,7.8,19.8
"Cadillac, MI Micro Area",893,2450,12498,8127,3568,4309,548,1310,6509,3981,1601,1901,345,1140,5989,4146,1967,2408,2.6,7.3,37,24.1,10.6,12.8
"Calhoun, GA Micro Area",3290,5258,13419,8024,2569,3358,1713,2445,6489,3805,1271,1755,1577,2813,6930,4219,1298,1603,8.5,13.6,34.7,20.7,6.6,8.7
"California-Lexington Park, MD Metro Area",2612,4637,22962,14618,6289,13957,1369,2577,11570,6969,2581,7259,1243,2060,11392,7649,3708,6698,3.5,6.2,30.5,19.4,8.4,18.6
"Cambridge, MD Micro Area",801,2205,8873,5095,1551,2693,402,1170,4744,1993,418,1194,399,1035,4129,3102,1133,1499,3.5,9.5,38.4,22,6.7,11.6
"Cambridge, OH Micro Area",1103,3045,11361,5003,2681,2622,534,1883,5630,2296,1188,1095,569,1162,5731,2707,1493,1527,4,11.1,41.6,18.3,9.8,9.6
"Camden, AR Micro Area",683,2189,8373,4725,1616,1664,249,1005,4308,2054,417,776,434,1184,4065,2671,1199,888,3.4,10.8,41.5,23.4,8,8.2
"Campbellsville, KY Micro Area",1753,2200,9534,4741,1672,2854,883,1211,4664,1957,753,1522,870,989,4870,2784,919,1332,7.1,8.9,38.5,19.1,6.8,11.5
"Cañon City, CO Micro Area",821,3168,14442,8727,3268,4351,436,2229,10297,4583,1390,2170,385,939,4145,4144,1878,2181,2.2,8.5,38.7,23.4,8.8,11.7
"Canton-Massillon, OH Metro Area",6363,16392,108567,60602,24076,41183,3196,8070,52216,29324,9962,20028,3167,8322,56351,31278,14114,21155,2.3,5.9,38.8,21.7,8.6,14.7
"Cape Coral-Fort Myers, FL Metro Area",25568,35830,177980,117013,52163,99647,13368,18787,86693,54681,22842,46585,12200,17043,91287,62332,29321,53062,4.5,6.3,31.2,20.5,9.1,17.4
"Cape Girardeau, MO-IL Metro Area",1773,4534,21696,14376,3760,10815,954,2158,11206,6929,1673,4799,819,2376,10490,7447,2087,6016,2.8,7.1,34,22.6,5.9,17
"Carbondale-Marion, IL Metro Area",2466,5357,25735,23026,9115,14171,1234,3342,13510,11294,3884,6851,1232,2015,12225,11732,5231,7320,2.7,5.8,28,25.1,9.9,15.4
"Carlsbad-Artesia, NM Micro Area",2154,3984,12171,8980,3745,4021,1242,2399,6495,4335,1142,2037,912,1585,5676,4645,2603,1984,5.7,10.6,32.5,24,10,10.7
"Carroll, IA Micro Area",519,404,4553,3223,1850,2498,290,259,2392,1456,690,1138,229,145,2161,1767,1160,1360,3.8,2.9,33.1,23.4,13.4,18.1
"Carson City, NV Metro Area",1623,3136,10587,11286,4092,5990,888,1566,5436,5736,1833,3268,735,1570,5151,5550,2259,2722,4.1,7.9,26.6,28.3,10.3,15
"Casper, WY Metro Area",736,2699,16065,15601,6607,7975,464,1274,8780,7813,3046,3634,272,1425,7285,7788,3561,4341,1.3,4.9,29.5,28.6,12.1,14.6
"Cedar City, UT Micro Area",668,1309,6903,9168,3206,6205,275,504,3544,4562,1444,3050,393,805,3359,4606,1762,3155,2.2,4.4,23.1,30.7,10.7,20.8
"Cedar Rapids, IA Metro Area",2922,7193,52806,39382,24204,40548,1471,3973,27813,18340,10828,18841,1451,3220,24993,21042,13376,21707,1.6,3.9,28.5,21.3,13.1,21.9
"Cedartown, GA Micro Area",2143,3227,10832,5962,2166,2204,1150,1891,5028,3128,709,1040,993,1336,5804,2834,1457,1164,7.7,11.6,38.8,21.4,7.8,7.9
"Celina, OH Micro Area",354,1757,11873,4654,3248,3413,210,1030,6200,2390,1252,1686,144,727,5673,2264,1996,1727,1.3,6.5,43.7,17.1,12,12.6
"Central City, KY Micro Area",1502,2299,9042,3993,2061,1809,775,1164,4454,2352,706,1048,727,1135,4588,1641,1355,761,6.9,10.6,41.6,18.4,9.5,8.3
"Centralia, IL Micro Area",861,1900,8958,7015,3208,2731,373,1047,4668,3296,1204,1216,488,853,4290,3719,2004,1515,3.3,7.3,34.2,26.8,12.2,10.4
"Centralia, WA Micro Area",1926,4065,16736,15984,6945,6899,1188,2052,8974,7588,3447,2628,738,2013,7762,8396,3498,4271,3.4,7.2,29.7,28.3,12.3,12.2
"Chambersburg-Waynesboro, PA Metro Area",3560,8640,47155,15859,9198,14682,1657,4912,23430,7513,3778,6839,1903,3728,23725,8346,5420,7843,3.3,8,43.4,14.6,8.5,13.5
"Champaign-Urbana, IL Metro Area",1913,5059,30658,26269,11538,28138,1086,2523,15423,12349,4984,13497,827,2536,15235,13920,6554,14641,1.4,3.8,22.9,19.6,8.6,21
"Charleston, WV Metro Area",7910,15276,74084,34673,14122,25018,4654,8096,36469,15897,5474,11722,3256,7180,37615,18776,8648,13296,4.2,8.1,39.4,18.4,7.5,13.3
"Charleston-Mattoon, IL Micro Area",1156,2436,13284,8907,4689,6045,679,1153,6943,4539,1948,2780,477,1283,6341,4368,2741,3265,2.9,6,32.8,22,11.6,14.9
"Charleston-North Charleston, SC Metro Area",14716,35556,136339,109512,52239,128622,8075,18470,67962,52818,21680,60780,6641,17086,68377,56694,30559,67842,2.7,6.5,24.8,20,9.5,23.4
"Charlotte-Concord-Gastonia, NC-SC Metro Area",71734,114043,407304,369423,166343,419048,38234,60767,201180,170865,66761,198701,33500,53276,206124,198558,99582,220347,4.1,6.5,23.1,21,9.5,23.8
"Charlottesville, VA Metro Area",4660,8274,28585,24102,8265,39274,2568,4370,13545,10500,3136,18185,2092,3904,15040,13602,5129,21089,3.1,5.6,19.2,16.2,5.6,26.4
"Chattanooga, TN-GA Metro Area",15769,30408,116216,86233,34935,72421,8155,15806,56373,40474,14148,34305,7614,14602,59843,45759,20787,38116,4,7.7,29.4,21.8,8.8,18.3
"Cheyenne, WY Metro Area",1116,2840,17238,17265,8705,12776,700,1296,9656,8660,3966,6035,416,1544,7582,8605,4739,6741,1.7,4.2,25.5,25.5,12.9,18.9
"Chicago-Naperville-Elgin, IL-IN-WI Metro Area",345231,355992,1523101,1247436,469465,1525135,168905,186415,759600,595474,203444,733146,176326,169577,763501,651962,266021,791989,5.3,5.5,23.6,19.3,7.3,23.6
"Chico, CA Metro Area",5397,9645,32993,41374,15343,26874,2756,5440,16506,19884,6998,12871,2641,4205,16487,21490,8345,14003,3.7,6.6,22.6,28.3,10.5,18.4
"Chillicothe, OH Micro Area",1375,4690,24215,10981,4436,5550,778,2765,13217,6211,1751,2377,597,1925,10998,4770,2685,3173,2.5,8.6,44.4,20.1,8.1,10.2
"Cincinnati, OH-KY-IN Metro Area",36435,89604,438472,285088,125502,320036,18972,45665,217362,134522,51921,157038,17463,43939,221110,150566,73581,162998,2.4,6,29.4,19.1,8.4,21.5
"Clarksburg, WV Micro Area",1677,6029,27432,12366,4913,9119,1063,3281,14309,6092,1730,4012,614,2748,13123,6274,3183,5107,2.5,9,41,18.5,7.3,13.6
"Clarksdale, MS Micro Area",1114,1628,3748,3394,1872,1611,547,1021,1616,1399,715,730,567,607,2132,1995,1157,881,7.8,11.4,26.2,23.8,13.1,11.3
"Clarksville, TN-KY Metro Area",5749,10603,54297,48232,20244,31448,2995,4846,28275,24636,9106,15167,2754,5757,26022,23596,11138,16281,3.1,5.6,28.9,25.7,10.8,16.7
"Clearlake, CA Micro Area",2347,4056,14004,12864,5441,5159,1147,2226,7229,6234,2499,2117,1200,1830,6775,6630,2942,3042,5,8.7,30.1,27.7,11.7,11.1
"Cleveland, MS Micro Area",1288,2639,4970,4269,2013,2925,435,1409,2525,1532,923,1214,853,1230,2445,2737,1090,1711,6.3,13,24.4,21,9.9,14.4
"Cleveland, TN Metro Area",4408,7333,27847,19429,7834,11798,2019,3579,14184,9181,3308,5638,2389,3754,13663,10248,4526,6160,5.1,8.6,32.5,22.7,9.2,13.8
"Cleveland-Elyria, OH Metro Area",38041,91822,415617,313261,125933,278153,18960,45948,203552,147050,51018,132184,19081,45874,212065,166211,74915,145969,2.6,6.4,28.7,21.7,8.7,19.2
"Clewiston, FL Micro Area",4361,3876,8945,4655,2613,1475,2531,2495,4756,2100,1148,669,1830,1381,4189,2555,1465,806,16.4,14.5,33.6,17.5,9.8,5.5
"Clinton, IA Micro Area",908,2232,12158,7333,3771,4541,493,1207,6285,3516,1658,1982,415,1025,5873,3817,2113,2559,2.8,6.8,37.2,22.4,11.5,13.9
"Clovis, NM Micro Area",2336,3479,7874,7807,2849,4133,1066,1610,4202,4218,1248,1951,1270,1869,3672,3589,1601,2182,7.7,11.4,25.8,25.6,9.3,13.5
"Coamo, PR Micro Area",4014,1890,10908,3050,2272,4565,1963,1010,5840,1341,1099,1618,2051,880,5068,1709,1173,2947,14.3,6.7,38.9,10.9,8.1,16.3
"Coco, PR Micro Area",3109,1877,7598,1695,1547,2700,1485,1062,3677,963,735,887,1624,815,3921,732,812,1813,16.2,9.8,39.6,8.8,8.1,14.1
"Coeur d'Alene, ID Metro Area",1349,5445,30196,34001,11587,19906,501,3341,16166,15265,5207,9164,848,2104,14030,18736,6380,10742,1.2,4.8,26.8,30.2,10.3,17.7
"Coffeyville, KS Micro Area",558,1603,6816,5704,2752,3110,294,901,3669,2526,980,1540,264,702,3147,3178,1772,1570,2.6,7.3,31.2,26.1,12.6,14.2
"Coldwater, MI Micro Area",1425,1820,12408,7406,2520,3181,728,1060,7116,3596,1070,1476,697,760,5292,3810,1450,1705,4.7,6,41.2,24.6,8.4,10.6
"College Station-Bryan, TX Metro Area",7931,10121,33998,29085,9612,30613,4245,5310,17455,13399,3950,14114,3686,4811,16543,15686,5662,16499,5.4,6.9,23.3,19.9,6.6,21
"Colorado Springs, CO Metro Area",9172,17018,97202,117811,54567,112300,4576,8205,49516,58198,25192,53862,4596,8813,47686,59613,29375,58438,1.9,3.5,20.2,24.5,11.3,23.3
"Columbia, MO Metro Area",3052,4868,29108,24188,9718,32210,2006,2782,14492,12090,3939,15141,1046,2086,14616,12098,5779,17069,2.4,3.8,22.8,19,7.6,25.3
"Columbia, SC Metro Area",17549,36892,146402,119194,51008,111406,9527,19962,73424,54597,21295,51580,8022,16930,72978,64597,29713,59826,3.2,6.7,26.4,21.5,9.2,20.1
"Columbus, GA-AL Metro Area",7874,18287,59372,52660,20514,32095,3836,9275,30963,24373,8631,14823,4038,9012,28409,28287,11883,17272,3.7,8.6,28,24.8,9.7,15.1
"Columbus, IN Metro Area",1922,3724,17621,9281,4909,11004,1046,2009,8876,4382,1997,5502,876,1715,8745,4899,2912,5502,3.4,6.6,31.1,16.4,8.7,19.4
"Columbus, MS Micro Area",1676,3497,13023,8145,3521,5780,808,1630,6317,4080,1511,2119,868,1867,6706,4065,2010,3661,4.3,8.9,33.2,20.7,9,14.7
"Columbus, NE Micro Area",1076,1109,6495,5253,2855,3392,562,582,3243,2378,1701,1779,514,527,3252,2875,1154,1613,4.9,5.1,29.6,24,13,15.5
"Columbus, OH Metro Area",35962,81746,386734,275541,106293,333082,17384,41436,192586,135100,44127,162430,18578,40310,194148,140441,62166,170652,2.5,5.8,27.3,19.5,7.5,23.6
"Concord, NH Micro Area",2464,4960,30719,18838,12355,21924,1363,3135,16292,8643,5414,10172,1101,1825,14427,10195,6941,11752,2.3,4.6,28.5,17.4,11.4,20.3
"Connersville, IN Micro Area",767,1903,7181,2718,1190,1692,443,898,3717,1329,454,683,324,1005,3464,1389,736,1009,4.8,11.8,44.5,16.8,7.4,10.5
"Cookeville, TN Micro Area",4958,5880,30595,13597,4100,10046,2346,3147,15294,6223,1672,4982,2612,2733,15301,7374,2428,5064,6.6,7.8,40.5,18,5.4,13.3
"Coos Bay, OR Micro Area",1038,3791,14750,14627,4301,5995,667,2078,7863,6592,2083,2600,371,1713,6887,8035,2218,3395,2.2,7.9,30.7,30.4,8.9,12.5
"Cordele, GA Micro Area",775,1820,5994,3079,1317,1152,462,837,2688,1450,472,615,313,983,3306,1629,845,537,5.2,12.1,39.9,20.5,8.8,7.7
"Corinth, MS Micro Area",1746,3220,8085,5660,2257,2917,1008,1718,3920,2790,990,1187,738,1502,4165,2870,1267,1730,6.8,12.6,31.7,22.2,8.8,11.4
"Cornelia, GA Micro Area",2609,3418,10438,5690,1841,3476,1573,1773,4559,2603,690,1818,1036,1645,5879,3087,1151,1658,8.6,11.2,34.3,18.7,6.1,11.4
"Corning, NY Micro Area",1989,3990,24086,11288,9856,8500,1185,2127,12840,5062,4483,4094,804,1863,11246,6226,5373,4406,2.9,5.9,35.5,16.6,14.5,12.5
"Corpus Christi, TX Metro Area",19997,26370,83398,67933,24058,37681,8939,14073,43081,33125,10046,18046,11058,12297,40317,34808,14012,19635,7.1,9.4,29.8,24.3,8.6,13.5
"Corsicana, TX Micro Area",3251,3184,9677,7552,3033,3534,1611,1422,5057,3502,1397,1478,1640,1762,4620,4050,1636,2056,10.1,9.9,30.1,23.5,9.4,11
"Cortland, NY Micro Area",806,1982,9339,5776,3991,4411,515,972,5230,2656,1700,2020,291,1010,4109,3120,2291,2391,2.7,6.6,31.2,19.3,13.3,14.7
"Corvallis, OR Metro Area",774,1375,7723,11624,4758,16423,452,802,3783,5617,2190,8226,322,573,3940,6007,2568,8197,1.4,2.4,13.7,20.7,8.5,29.2
"Coshocton, OH Micro Area",1646,2016,11139,4368,2456,2483,843,1087,6225,1742,837,987,803,929,4914,2626,1619,1496,6.5,7.9,43.8,17.2,9.7,9.8
"Craig, CO Micro Area",174,716,3378,1791,873,1299,137,376,1858,893,307,599,37,340,1520,898,566,700,2,8.1,38.3,20.3,9.9,14.7
"Crawfordsville, IN Micro Area",574,1938,10630,5712,1919,3508,279,1075,5411,2757,842,1606,295,863,5219,2955,1077,1902,2.2,7.4,40.5,21.8,7.3,13.4
"Crescent City, CA Micro Area",989,3019,6265,4839,1612,1870,640,2142,3597,2434,495,855,349,877,2668,2405,1117,1015,5,15.3,31.7,24.5,8.2,9.5
"Crestview-Fort Walton Beach-Destin, FL Metro Area",5303,10891,50874,45484,20714,38745,3035,5905,24449,22206,10780,18365,2268,4986,26425,23278,9934,20380,2.7,5.6,26.1,23.3,10.6,19.9
"Crossville, TN Micro Area",2076,3829,17947,10244,3775,4915,1232,1946,8700,4742,1385,2326,844,1883,9247,5502,2390,2589,4.5,8.3,39.1,22.3,8.2,10.7
"Cullman, AL Micro Area",3142,7160,18747,13670,6411,5889,1711,4114,9193,6414,2719,2816,1431,3046,9554,7256,3692,3073,5.4,12.3,32.3,23.5,11,10.1
"Cullowhee, NC Micro Area",1828,3164,10801,7741,4285,5627,953,1852,5876,3402,1773,2263,875,1312,4925,4339,2512,3364,4.8,8.4,28.6,20.5,11.3,14.9
"Cumberland, MD-WV Metro Area",1369,5160,29360,13649,6603,7652,900,2845,16430,6825,2495,3928,469,2315,12930,6824,4108,3724,2,7.5,42.4,19.7,9.5,11.1
"Dallas-Fort Worth-Arlington, TX Metro Area",332597,334467,1071023,1011196,345411,1128832,172932,171597,517627,475357,155734,539077,159665,162870,553396,535839,189677,589755,6.9,6.9,22.2,20.9,7.1,23.4
"Dalton, GA Metro Area",12543,14090,29788,18097,5560,8950,6372,8265,14270,8234,2495,4338,6171,5825,15518,9863,3065,4612,13.4,15,31.7,19.3,5.9,9.5
"Danville, IL Metro Area",1418,4015,21636,11371,5828,5299,781,2239,11219,5179,2494,2398,637,1776,10417,6192,3334,2901,2.7,7.7,41.3,21.7,11.1,10.1
"Danville, KY Micro Area",2052,3450,14207,7335,2692,3972,1247,2035,7177,3532,875,1792,805,1415,7030,3803,1817,2180,5.5,9.3,38.3,19.8,7.3,10.7
"Danville, VA Micro Area",4091,7717,26342,16458,6755,7857,2311,4110,13427,7010,2420,3496,1780,3607,12915,9448,4335,4361,5.6,10.5,35.9,22.4,9.2,10.7
"Daphne-Fairhope-Foley, AL Metro Area",3834,10989,42272,34475,14357,31444,2191,6326,20623,15823,5792,15220,1643,4663,21649,18652,8565,16224,2.5,7.1,27.2,22.2,9.2,20.2
"Davenport-Moline-Rock Island, IA-IL Metro Area",6919,15115,78588,59910,29056,46115,3234,8093,40758,29055,11464,22144,3685,7022,37830,30855,17592,23971,2.6,5.8,30.1,22.9,11.1,17.6
"Dayton, TN Micro Area",1454,2469,8573,4694,1544,2402,818,1149,4543,2055,669,1003,636,1320,4030,2639,875,1399,6.5,11,38.2,20.9,6.9,10.7
"Dayton-Kettering, OH Metro Area",12149,35242,155857,128857,55253,97373,5778,16780,77344,60027,22837,45508,6371,18462,78513,68830,32416,51865,2.2,6.4,28.2,23.3,10,17.6
"Decatur, AL Metro Area",6823,10866,35497,22673,8903,14367,3874,5024,16526,11467,3967,7050,2949,5842,18971,11206,4936,7317,6.4,10.2,33.5,21.4,8.4,13.5
"Decatur, IL Metro Area",1579,4722,24815,17704,6421,11316,768,2487,12036,8434,2681,5004,811,2235,12779,9270,3740,6312,2.2,6.5,34.3,24.5,8.9,15.7
"Decatur, IN Micro Area",2118,1075,8976,3847,2105,2225,1231,557,4566,1574,951,1086,887,518,4410,2273,1154,1139,9.9,5,42.1,18.1,9.9,10.4
"Defiance, OH Micro Area",660,1419,10753,5488,2816,3063,367,718,5748,2695,1094,1304,293,701,5005,2793,1722,1759,2.5,5.5,41.5,21.2,10.9,11.8
"Del Rio, TX Micro Area",5833,3077,7287,5983,1855,3694,2864,1699,3781,3022,936,1720,2969,1378,3506,2961,919,1974,19.6,10.4,24.5,20.1,6.2,12.4
"Deltona-Daytona Beach-Ormond Beach, FL Metro Area",13915,30798,156162,112925,57240,79540,7031,16711,77591,52426,23796,37995,6884,14087,78571,60499,33444,41545,2.8,6.3,31.7,22.9,11.6,16.2
"Deming, NM Micro Area",2133,2303,5570,2579,859,1161,943,1282,3034,1009,490,445,1190,1021,2536,1570,369,716,13.8,14.9,36,16.7,5.6,7.5
"Denver-Aurora-Lakewood, CO Metro Area",74981,95756,404945,394206,156499,579012,36869,50774,206575,194588,72232,286136,38112,44982,198370,199618,84267,292876,3.7,4.7,19.9,19.3,7.7,28.4
"DeRidder, LA Micro Area",1085,2165,9228,5560,2386,3027,596,1207,4875,3055,1143,1162,489,958,4353,2505,1243,1865,4.3,8.7,36.9,22.2,9.5,12.1
"Des Moines-West Des Moines, IA Metro Area",14320,17703,118685,90431,48144,117969,7230,9365,59578,44341,21595,57005,7090,8338,59107,46090,26549,60964,3.1,3.8,25.8,19.7,10.5,25.6
"Detroit-Warren-Dearborn, MI Metro Area",91279,191110,787739,688748,275656,582190,43479,96709,383139,330156,114774,276519,47800,94401,404600,358592,160882,305671,3,6.4,26.2,22.9,9.2,19.4
"Dickinson, ND Micro Area",580,1040,6847,4797,2468,3733,235,593,3834,2745,1310,1310,345,447,3013,2052,1158,2423,2.8,5,32.8,23,11.8,17.9
"Dixon, IL Micro Area",636,1968,8585,6339,2836,3096,369,1340,4787,3347,1360,1511,267,628,3798,2992,1476,1585,2.5,7.9,34.3,25.3,11.3,12.4
"Dodge City, KS Micro Area",3336,1924,5154,4126,2221,2135,1864,949,2968,2041,1171,930,1472,975,2186,2085,1050,1205,16.5,9.5,25.5,20.4,11,10.6
"Dothan, AL Metro Area",4666,10682,33660,23687,10194,13067,2448,5079,16282,11176,3820,6345,2218,5603,17378,12511,6374,6722,4.5,10.3,32.4,22.8,9.8,12.6
"Douglas, GA Micro Area",3375,5472,12486,6120,2120,2459,2037,3151,7001,2541,801,1059,1338,2321,5485,3579,1319,1400,10,16.2,37.1,18.2,6.3,7.3
"Dover, DE Metro Area",5097,9351,40027,26057,10148,18299,2418,5017,19532,11934,4382,7919,2679,4334,20495,14123,5766,10380,4.2,7.8,33.3,21.7,8.4,15.2
"Dublin, GA Micro Area",2007,5259,18424,7557,3478,3629,1099,2897,9301,3434,1412,1635,908,2362,9123,4123,2066,1994,4.6,12.1,42.4,17.4,8,8.4
"DuBois, PA Micro Area",2380,4688,28665,7865,5772,6438,1615,2937,15314,4392,2371,3268,765,1751,13351,3473,3401,3170,4,7.9,48.3,13.3,9.7,10.9
"Dubuque, IA Metro Area",1275,3112,21321,12522,6513,13116,603,1446,11129,6370,2655,6164,672,1666,10192,6152,3858,6952,2,4.8,32.7,19.2,10,20.1
"Duluth, MN-WI Metro Area",2890,8488,54751,50339,27202,37496,1623,4659,29080,25607,13114,17909,1267,3829,25671,24732,14088,19587,1.4,4.2,27.3,25.1,13.5,18.7
"Dumas, TX Micro Area",2950,1348,3358,2132,856,1162,1732,672,1722,1100,379,538,1218,676,1636,1032,477,624,23.8,10.9,27.1,17.2,6.9,9.4
"Duncan, OK Micro Area",965,2727,13029,6485,1375,3674,522,1317,6581,2977,667,1597,443,1410,6448,3508,708,2077,3.2,9,43.2,21.5,4.6,12.2
"Durango, CO Micro Area",449,1177,8466,9401,3067,11228,265,685,4632,4636,1459,5393,184,492,3834,4765,1608,5835,1.1,2.9,21,23.3,7.6,27.9
"Durant, OK Micro Area",1151,2863,10803,7676,1991,4674,670,1398,5750,3427,824,1795,481,1465,5053,4249,1167,2879,3.6,9,34.1,24.3,6.3,14.8
"Durham-Chapel Hill, NC Metro Area",20194,24092,84173,70571,34033,102851,11377,13329,44374,32842,13993,45057,8817,10763,39799,37729,20040,57794,4.6,5.5,19.3,16.2,7.8,23.6
"Dyersburg, TN Micro Area",1329,2264,9070,5636,2229,2911,684,1220,4420,2919,681,1261,645,1044,4650,2717,1548,1650,5.3,9,36,22.4,8.8,11.5
"Eagle Pass, TX Micro Area",7483,5266,7943,5181,2032,3978,3455,2452,4009,2781,919,1704,4028,2814,3934,2400,1113,2274,22.6,15.9,24,15.7,6.1,12
"Easton, MD Micro Area",782,1698,6484,5621,2318,5957,345,1128,2929,2501,969,2535,437,570,3555,3120,1349,3422,2.8,6.1,23.1,20,8.3,21.2
"East Stroudsburg, PA Metro Area",3737,8558,40912,24120,10091,18474,1927,4432,21353,11827,4793,8182,1810,4126,19559,12293,5298,10292,3.2,7.3,34.7,20.5,8.6,15.7
"Eau Claire, WI Metro Area",2199,4294,32291,23356,17480,21605,1193,2569,17442,12144,8164,10103,1006,1725,14849,11212,9316,11502,2,3.8,28.9,20.9,15.7,19.3
"Edwards, CO Micro Area",1853,1671,5564,5937,4200,13441,1049,711,3418,3339,2062,7247,804,960,2146,2598,2138,6194,4.8,4.3,14.3,15.3,10.8,34.6
"Effingham, IL Micro Area",799,828,7962,5056,3412,3794,331,408,4101,2436,1649,1857,468,420,3861,2620,1763,1937,3.4,3.5,33.9,21.5,14.5,16.1
"El Campo, TX Micro Area",2394,2969,7814,6140,2514,3427,1246,1668,3894,2879,1047,1534,1148,1301,3920,3261,1467,1893,8.9,11,29.1,22.8,9.4,12.8
"El Centro, CA Metro Area",16617,16318,28189,25195,7158,12186,6751,9055,16078,13253,3101,5565,9866,7263,12111,11942,4057,6621,15,14.8,25.5,22.8,6.5,11
"El Dorado, AR Micro Area",822,2790,9203,5736,2361,3831,407,1492,4803,2620,714,1707,415,1298,4400,3116,1647,2124,3.1,10.5,34.7,21.6,8.9,14.4
"Elizabeth City, NC Micro Area",1488,3028,11666,9535,3352,5116,640,1888,6025,4335,1338,2144,848,1140,5641,5200,2014,2972,4,8.1,31.2,25.5,9,13.7
"Elizabethtown-Fort Knox, KY Metro Area",3085,6575,32368,26756,12397,12045,1340,3158,16928,12900,5662,5485,1745,3417,15440,13856,6735,6560,3,6.4,31.6,26.1,12.1,11.8
"Elk City, OK Micro Area",445,1872,4966,3676,1132,1669,302,818,2980,2187,572,851,143,1054,1986,1489,560,818,3.1,12.9,34.2,25.3,7.8,11.5
"Elkhart-Goshen, IN Metro Area",10598,14007,45052,25863,9355,16952,5759,6637,21985,12236,4039,8369,4839,7370,23067,13627,5316,8583,8.1,10.7,34.6,19.8,7.2,13
"Elkins, WV Micro Area",854,1890,10506,3237,1104,2120,546,1157,5494,1528,468,912,308,733,5012,1709,636,1208,4.1,9.1,50.3,15.5,5.3,10.2
"Elko, NV Micro Area",1839,2696,11734,9788,3202,3894,886,1309,6528,5168,1497,1859,953,1387,5206,4620,1705,2035,5.2,7.7,33.4,27.9,9.1,11.1
"Ellensburg, WA Micro Area",638,1718,7176,7342,2177,6599,312,1021,3811,3730,904,3222,326,697,3365,3612,1273,3377,2.2,5.9,24.8,25.4,7.5,22.8
"Elmira, NY Metro Area",1671,4318,20543,11242,7568,7549,913,2628,11041,5144,3197,3610,758,1690,9502,6098,4371,3939,2.8,7.3,34.6,19,12.8,12.7
"El Paso, TX Metro Area",64288,45277,120043,117778,46043,82943,26473,20598,61062,58895,22491,38426,37815,24679,58981,58883,23552,44517,12.4,8.8,23.2,22.8,8.9,16
"Emporia, KS Micro Area",1316,1182,6775,5042,1584,3685,730,674,3410,2517,779,1612,586,508,3365,2525,805,2073,6.1,5.4,31.2,23.2,7.3,16.9
"Enid, OK Metro Area",2132,3026,14556,7863,3501,6593,1199,1622,7378,3922,1302,3129,933,1404,7178,3941,2199,3464,5.3,7.5,35.9,19.4,8.6,16.3
"Enterprise, AL Micro Area",1543,3615,9876,8510,4584,4993,788,1974,4865,3910,2418,2405,755,1641,5011,4600,2166,2588,4.3,10.1,27.5,23.7,12.8,13.9
"Erie, PA Metro Area",4966,10990,70762,29027,17847,34469,2461,5620,35283,15038,7658,16324,2505,5370,35479,13989,10189,18145,2.6,5.9,37.8,15.5,9.5,18.4
"Escanaba, MI Micro Area",487,1485,9211,6329,3813,3513,311,982,4644,3170,1477,1604,176,503,4567,3159,2336,1909,1.8,5.6,34.9,24,14.4,13.3
"Española, NM Micro Area",1442,2153,8984,6933,2324,2832,663,1331,4396,3226,1016,1348,779,822,4588,3707,1308,1484,5.4,8,33.5,25.9,8.7,10.6
"Eufaula, AL-GA Micro Area",1530,3481,6951,3881,1456,1413,896,2157,3968,1715,469,624,634,1324,2983,2166,987,789,7.8,17.8,35.5,19.8,7.4,7.2
"Eugene-Springfield, OR Metro Area",5627,13973,60148,72713,25154,49504,3086,7155,31259,35305,11364,22732,2541,6818,28889,37408,13790,26772,2.2,5.4,23.1,27.9,9.6,19
"Eureka-Arcata, CA Micro Area",2665,6080,21408,24251,9946,19270,1589,3676,11493,12191,4346,8490,1076,2404,9915,12060,5600,10780,2.9,6.5,23,26,10.7,20.7
"Evanston, WY Micro Area",356,547,4931,3280,1478,1644,251,248,2415,1825,681,698,105,299,2516,1455,797,946,2.7,4.2,37.7,25.1,11.3,12.6
"Evansville, IN-KY Metro Area",4893,15233,70018,46052,23673,36782,2461,8069,34289,22059,10373,17646,2432,7164,35729,23993,13300,19136,2.2,7,32.2,21.2,10.9,16.9
"Fairbanks, AK Metro Area",1320,2105,14863,17566,5916,11625,787,1063,8616,10097,3311,5256,533,1042,6247,7469,2605,6369,2.1,3.4,24.1,28.5,9.6,18.8
"Fairfield, IA Micro Area",394,628,3402,2289,1671,2782,249,278,1958,1090,632,1452,145,350,1444,1199,1039,1330,3,4.8,25.8,17.3,12.7,21.1
"Fairmont, MN Micro Area",378,523,5000,3283,1823,2202,150,315,2591,1629,791,1030,228,208,2409,1654,1032,1172,2.7,3.7,35.6,23.4,13,15.7
"Fairmont, WV Micro Area",1152,2628,15663,7125,3191,5609,401,1198,8154,3581,1155,2814,751,1430,7509,3544,2036,2795,3,6.8,40.5,18.4,8.2,14.5
"Fallon, NV Micro Area",577,600,4904,5679,1909,2287,316,319,2740,2917,676,946,261,281,2164,2762,1233,1341,3.4,3.6,29.2,33.8,11.3,13.6
"Fargo, ND-MN Metro Area",2815,4616,30592,32843,22310,41496,1253,2688,17186,17298,10461,20084,1562,1928,13406,15545,11849,21412,1.8,3,20,21.5,14.6,27.1
"Faribault-Northfield, MN Micro Area",1307,2300,13410,8404,4883,7520,588,1571,7810,4118,2238,3342,719,729,5600,4286,2645,4178,3.1,5.4,31.6,19.8,11.5,17.7
"Farmington, MO Micro Area",2103,4848,17775,11863,4025,3826,1268,2833,10726,5987,1677,1621,835,2015,7049,5876,2348,2205,4.5,10.3,37.6,25.1,8.5,8.1
"Farmington, NM Metro Area",3544,7725,23793,23390,10570,7370,1630,4046,12964,11001,4895,3177,1914,3679,10829,12389,5675,4193,4.3,9.5,29.2,28.7,13,9
"Fayetteville, NC Metro Area",10267,22153,90508,90774,37800,52148,5294,11157,45334,45097,16163,23197,4973,10996,45174,45677,21637,28951,3.1,6.7,27.4,27.5,11.4,15.8
"Fayetteville-Springdale-Rogers, AR Metro Area",19799,21543,95671,66230,20429,70210,10887,10518,47270,31819,7951,34767,8912,11025,48401,34411,12478,35443,5.9,6.4,28.6,19.8,6.1,21
"Fergus Falls, MN Micro Area",1238,2048,11355,9746,6495,7497,598,1114,5944,4741,3009,3598,640,934,5411,5005,3486,3899,3,4.9,27.2,23.4,15.6,18
"Fernley, NV Micro Area",1583,3711,13264,11863,4295,3909,857,1713,6751,6464,1886,1758,726,1998,6513,5399,2409,2151,3.9,9.2,32.9,29.4,10.7,9.7
"Findlay, OH Micro Area",739,2875,18775,10678,4688,8962,454,1209,9820,5156,1966,4397,285,1666,8955,5522,2722,4565,1.4,5.5,36,20.5,9,17.2
"Fitzgerald, GA Micro Area",622,1242,5235,1945,1058,864,304,791,2386,674,528,284,318,451,2849,1271,530,580,5.5,10.9,46.1,17.1,9.3,7.6
"Flagstaff, AZ Metro Area",2675,4922,18325,19730,6936,18949,1038,2484,10292,10309,2996,8975,1637,2438,8033,9421,3940,9974,3.2,5.8,21.7,23.4,8.2,22.5
"Flint, MI Metro Area",6282,19185,89294,74898,30208,38016,3295,9949,44803,35177,10924,17170,2987,9236,44491,39721,19284,20846,2.2,6.9,31.9,26.7,10.8,13.6
"Florence, SC Metro Area",6311,14733,47367,26828,13850,19352,3276,7322,23464,11484,5307,8238,3035,7411,23903,15344,8543,11114,4.5,10.5,33.9,19.2,9.9,13.8
"Florence-Muscle Shoals, AL Metro Area",3767,9119,36810,22203,8408,14507,1990,4561,17529,10431,3362,6857,1777,4558,19281,11772,5046,7650,3.7,8.8,35.7,21.5,8.1,14.1
"Fond du Lac, WI Metro Area",1534,3981,25629,14883,8613,11257,762,2306,13267,7226,3755,5217,772,1675,12362,7657,4858,6040,2.1,5.5,35.7,20.7,12,15.7
"Forest City, NC Micro Area",2056,5218,15380,10725,5528,6250,1203,2843,7675,5181,1610,3053,853,2375,7705,5544,3918,3197,4.3,10.8,31.9,22.3,11.5,13
"Forrest City, AR Micro Area",1005,2338,6533,4529,1592,1138,663,1455,3945,2511,619,558,342,883,2588,2018,973,580,5.6,13,36.4,25.2,8.9,6.3
"Fort Collins, CO Metro Area",3111,5747,43238,47798,21580,65179,1594,3114,22559,23959,10397,30612,1517,2633,20679,23839,11183,34567,1.3,2.5,18.6,20.6,9.3,28.1
"Fort Dodge, IA Micro Area",476,1653,8339,5635,3274,3667,221,918,4557,3105,1223,1659,255,735,3782,2530,2051,2008,1.9,6.7,34,23,13.3,14.9
"Fort Leonard Wood, MO Micro Area",745,1233,8469,7376,3416,4958,378,503,4464,3780,2032,2731,367,730,4005,3596,1384,2227,2.5,4.2,28.8,25.1,11.6,16.9
"Fort Madison-Keokuk, IA-IL-MO Micro Area",748,2419,16148,9312,5301,5666,379,1313,8771,4552,2136,2424,369,1106,7377,4760,3165,3242,1.8,5.8,38.6,22.3,12.7,13.5
"Fort Morgan, CO Micro Area",2036,1794,5761,4024,1739,2274,1101,1016,2967,1993,748,1102,935,778,2794,2031,991,1172,11,9.7,31,21.7,9.4,12.3
"Fort Payne, AL Micro Area",5286,5329,15809,10065,5064,4166,2912,2737,8498,4930,1531,1801,2374,2592,7311,5135,3533,2365,10.9,11,32.7,20.8,10.5,8.6
"Fort Polk South, LA Micro Area",964,2752,11683,6939,2340,3903,529,1298,6148,3806,1117,1903,435,1454,5535,3133,1223,2000,3.2,9.2,38.9,23.1,7.8,13
"Fort Smith, AR-OK Metro Area",9652,17213,56572,38037,14248,22176,5013,9155,28116,18141,5622,9962,4639,8058,28456,19896,8626,12214,5.7,10.2,33.5,22.6,8.4,13.1
"Fort Wayne, IN Metro Area",11005,15756,78741,57438,29515,51502,5228,8589,38139,27831,12328,24598,5777,7167,40602,29607,17187,26904,4.1,5.9,29.3,21.4,11,19.2
"Frankfort, IN Micro Area",1118,1689,9534,3821,1929,2065,629,928,4576,1895,842,946,489,761,4958,1926,1087,1119,5.3,8,45,18,9.1,9.7
"Frankfort, KY Micro Area",2097,2884,16129,11388,4238,8742,1034,1577,7907,4773,2230,4287,1063,1307,8222,6615,2008,4455,4.1,5.6,31.5,22.2,8.3,17.1
"Fredericksburg, TX Micro Area",1026,993,5869,3797,1211,4666,503,527,2977,1611,411,2283,523,466,2892,2186,800,2383,5.2,5.1,30,19.4,6.2,23.8
"Freeport, IL Micro Area",844,1678,10721,8631,3256,4370,487,879,5231,3915,1512,1920,357,799,5490,4716,1744,2450,2.7,5.3,33.8,27.2,10.3,13.8
"Fremont, NE Micro Area",1270,1419,8767,5442,2633,3047,560,834,4265,2490,1406,1528,710,585,4502,2952,1227,1519,5.2,5.8,36,22.4,10.8,12.5
"Fremont, OH Micro Area",819,2680,17502,8838,4482,4442,380,1334,8926,4648,1782,1953,439,1346,8576,4190,2700,2489,2,6.5,42.6,21.5,10.9,10.8
"Fresno, CA Metro Area",78084,60730,138139,143654,55709,89315,39379,32850,73242,68753,24344,40927,38705,27880,64897,74901,31365,48388,12.8,9.9,22.6,23.5,9.1,14.6
"Gadsden, AL Metro Area",2988,7603,24104,18013,6705,7764,1489,3603,12475,8274,2732,3322,1499,4000,11629,9739,3973,4442,4.1,10.5,33.4,25,9.3,10.8
"Gaffney, SC Micro Area",2137,5045,14049,8085,3877,3367,1037,2692,6833,3865,1741,1469,1100,2353,7216,4220,2136,1898,5.5,13,36.2,20.9,10,8.7
"Gainesville, FL Metro Area",5933,11745,51283,36165,23681,41546,3201,6544,25110,17120,10241,19052,2732,5201,26173,19045,13440,22494,2.9,5.7,24.8,17.5,11.4,20.1
"Gainesville, GA Metro Area",15145,12348,37078,26981,8898,19459,7898,6684,18603,12636,3993,9474,7247,5664,18475,14345,4905,9985,11.5,9.3,28.1,20.4,6.7,14.7
"Gainesville, TX Micro Area",1418,2047,8473,7202,2362,4048,757,1103,3998,3463,1113,1891,661,944,4475,3739,1249,2157,5.2,7.4,30.8,26.2,8.6,14.7
"Galesburg, IL Micro Area",990,2967,12303,7917,4011,4317,668,1903,6622,3771,1392,2234,322,1064,5681,4146,2619,2083,2.8,8.5,35.3,22.7,11.5,12.4
"Gallup, NM Micro Area",3757,5866,16131,10174,3295,2696,1762,2888,8290,4320,1101,1305,1995,2978,7841,5854,2194,1391,8.5,13.2,36.4,22.9,7.4,6.1
"Garden City, KS Micro Area",3677,2828,5982,5086,2014,2679,1918,1509,3297,2607,962,1213,1759,1319,2685,2479,1052,1466,15.5,11.9,25.2,21.4,8.5,11.3
"Gardnerville Ranchos, NV Micro Area",647,1549,8907,10078,4491,7588,279,823,4548,4667,2137,3823,368,726,4359,5411,2354,3765,1.7,4.1,23.6,26.8,11.9,20.1
"Georgetown, SC Micro Area",1547,3487,12616,10504,4517,8398,938,1878,6056,4534,1375,4231,609,1609,6560,5970,3142,4167,3.3,7.5,27.1,22.6,9.7,18.1
"Gettysburg, PA Metro Area",2841,4947,28594,13157,6449,9265,1450,2676,14457,6106,2696,4450,1391,2271,14137,7051,3753,4815,3.9,6.8,39.5,18.2,8.9,12.8
"Gillette, WY Micro Area",903,1820,14272,10448,4816,5613,532,1050,8140,5112,2579,2361,371,770,6132,5336,2237,3252,2.2,4.5,35.4,25.9,11.9,13.9
"Glasgow, KY Micro Area",3143,3227,15781,6403,2717,3706,1633,1741,7941,2826,1084,1564,1510,1486,7840,3577,1633,2142,8.5,8.7,42.6,17.3,7.3,10
"Glens Falls, NY Metro Area",3070,6082,31877,16915,10358,13444,1806,3561,17545,8135,4087,6362,1264,2521,14332,8780,6271,7082,3.3,6.6,34.3,18.2,11.2,14.5
"Glenwood Springs, CO Micro Area",2598,2261,12314,10499,4693,14308,1546,1110,6662,5759,2110,7201,1052,1151,5652,4740,2583,7107,4.9,4.2,23,19.6,8.8,26.7
"Gloversville, NY Micro Area",1025,3441,13999,7170,5933,3788,589,1842,7307,3546,2317,2099,436,1599,6692,3624,3616,1689,2.7,8.9,36.3,18.6,15.4,9.8
"Goldsboro, NC Metro Area",5039,6889,24991,18888,10271,11249,2650,3599,13056,8771,4150,4712,2389,3290,11935,10117,6121,6537,6.1,8.4,30.3,22.9,12.5,13.7
"Granbury, TX Micro Area",1610,2312,12813,11007,2983,8561,857,1079,6298,5344,1246,4111,753,1233,6515,5663,1737,4450,3.7,5.3,29.5,25.3,6.9,19.7
"Grand Forks, ND-MN Metro Area",1264,2093,15583,14263,8768,14106,672,1307,8009,7812,3817,6822,592,786,7574,6451,4951,7284,2,3.3,24.8,22.7,14,22.4
"Grand Island, NE Metro Area",3092,3270,15653,12529,4652,7146,1842,1931,8166,5917,2054,3179,1250,1339,7487,6612,2598,3967,6.2,6.6,31.6,25.3,9.4,14.4
"Grand Junction, CO Metro Area",2408,7638,30053,27800,9251,19214,1239,3973,15802,13781,3386,8784,1169,3665,14251,14019,5865,10430,2.3,7.2,28.3,26.2,8.7,18.1
"Grand Rapids, MN Micro Area",370,1516,10095,8477,4228,5279,178,939,5222,4133,1837,2633,192,577,4873,4344,2391,2646,1.1,4.6,30.8,25.9,12.9,16.1
"Grand Rapids-Kentwood, MI Metro Area",22592,35167,188949,152472,66667,155998,11726,19177,94940,75073,26977,77258,10866,15990,94009,77399,39690,78740,3.2,5,26.9,21.7,9.5,22.2
"Grants, NM Micro Area",797,2581,5526,4246,1913,2005,439,1470,3316,1881,808,780,358,1111,2210,2365,1105,1225,4.4,14.2,30.3,23.3,10.5,11
"Grants Pass, OR Metro Area",908,5036,19511,21257,6271,7642,503,2683,9811,10123,2325,3371,405,2353,9700,11134,3946,4271,1.4,7.8,30.2,32.8,9.7,11.8
"Great Bend, KS Micro Area",812,1200,5484,4374,2160,2626,295,632,2686,2049,997,1393,517,568,2798,2325,1163,1233,4.6,6.7,30.8,24.5,12.1,14.7
"Great Falls, MT Metro Area",1370,2854,17533,13223,5535,10323,733,1386,9047,6249,3090,4917,637,1468,8486,6974,2445,5406,2.5,5.1,31.5,23.7,9.9,18.5
"Greeley, CO Metro Area",11733,13970,55497,47909,18644,37280,6824,7548,30274,23792,8448,17557,4909,6422,25223,24117,10196,19723,5.8,6.8,27.2,23.5,9.1,18.3
"Green Bay, WI Metro Area",6421,10150,69905,43185,27707,43134,3540,5798,35286,21307,13800,19930,2881,4352,34619,21878,13907,23204,2.9,4.6,32,19.8,12.7,19.8
"Greeneville, TN Micro Area",3030,4739,21341,9653,3234,5099,1429,2341,10716,4758,1309,2212,1601,2398,10625,4895,1925,2887,6.1,9.5,42.7,19.3,6.5,10.2
"Greensboro-High Point, NC Metro Area",23232,41824,140357,111097,48694,101561,12109,22300,68562,50712,19393,46327,11123,19524,71795,60385,29301,55234,4.5,8,26.9,21.3,9.3,19.5
"Greensburg, IN Micro Area",563,926,8154,3151,1599,2354,309,453,3976,1602,792,1096,254,473,4178,1549,807,1258,3.1,5.2,45.6,17.6,8.9,13.2
"Greenville, MS Micro Area",2124,3300,9451,6036,2561,3652,1206,1714,4369,2719,938,1300,918,1586,5082,3317,1623,2352,7.2,11.2,32,20.5,8.7,12.4
"Greenville, NC Metro Area",4002,8130,26630,22878,13166,22413,1700,4035,13659,9720,5372,10321,2302,4095,12971,13158,7794,12092,3.6,7.4,24.2,20.8,12,20.3
"Greenville, OH Micro Area",666,2724,16453,7044,2889,3483,375,1429,8325,3385,1126,1643,291,1295,8128,3659,1763,1840,1.9,7.7,46.7,20,8.2,9.9
"Greenville-Anderson, SC Metro Area",24108,53353,163554,121900,62439,119716,13079,27219,78249,56925,26060,58964,11029,26134,85305,64975,36379,60752,3.9,8.7,26.6,19.8,10.1,19.4
"Greenwood, MS Micro Area",1733,2415,9031,5214,2397,2754,928,1310,4324,2401,852,1038,805,1105,4707,2813,1545,1716,6.9,9.6,35.8,20.7,9.5,10.9
"Greenwood, SC Micro Area",2099,4876,15319,8065,6130,7592,1027,2265,7211,3164,2694,3439,1072,2611,8108,4901,3436,4153,4.4,10.1,31.9,16.8,12.8,15.8
"Grenada, MS Micro Area",514,1962,4462,3075,1572,1787,309,1194,2040,1365,568,749,205,768,2422,1710,1004,1038,3.6,13.6,30.9,21.3,10.9,12.4
"Guayama, PR Metro Area",7381,4852,18466,6247,4930,7920,4053,3036,9516,2896,1875,2454,3328,1816,8950,3351,3055,5466,14,9.2,35.1,11.9,9.4,15.1
"Gulfport-Biloxi, MS Metro Area",9545,21857,81598,70146,33197,40691,4714,10636,41146,34456,13658,18796,4831,11221,40452,35690,19539,21895,3.4,7.8,29,24.9,11.8,14.4
"Guymon, OK Micro Area",1995,1043,3397,2260,409,2313,1348,631,1767,1095,207,1233,647,412,1630,1165,202,1080,16.1,8.4,27.5,18.3,3.3,18.7
"Hagerstown-Martinsburg, MD-WV Metro Area",5966,16049,74038,43579,16038,27026,3305,8748,39216,21047,6464,12782,2661,7301,34822,22532,9574,14244,3,8,37,21.8,8,13.5
"Hailey, ID Micro Area",865,1115,3979,3382,1125,4469,279,516,2409,1491,617,1953,586,599,1570,1891,508,2516,5.1,6.6,23.4,19.9,6.6,26.3
"Hammond, LA Metro Area",5574,10102,30593,16744,5170,13534,2813,5163,15175,7661,2417,6091,2761,4939,15418,9083,2753,7443,6.4,11.6,35,19.2,5.9,15.5
"Hanford-Corcoran, CA Metro Area",12374,11976,24561,22625,7942,9431,6883,8025,15483,12304,3712,4155,5491,3951,9078,10321,4230,5276,13.2,12.8,26.3,24.2,8.5,10.1
"Hannibal, MO Micro Area",845,1903,10305,5616,2027,3730,469,1059,5563,2380,905,1603,376,844,4742,3236,1122,2127,3.2,7.2,38.7,21.1,7.6,14
"Harrisburg-Carlisle, PA Metro Area",11978,21826,133370,65428,35050,84745,6335,11049,64654,32385,14855,41112,5643,10777,68716,33043,20195,43633,3,5.4,33.2,16.3,8.7,21.1
"Harrison, AR Micro Area",1310,2570,11142,8505,2804,3585,657,1361,6257,3908,764,1563,653,1209,4885,4597,2040,2022,4.1,8.1,34.9,26.7,8.8,11.2
"Harrisonburg, VA Metro Area",5840,6909,27135,12875,5696,14457,3348,3511,14305,5773,1998,6671,2492,3398,12830,7102,3698,7786,7,8.3,32.6,15.5,6.8,17.4
"Hartford-East Hartford-Middletown, CT Metro Area",31162,42666,218860,142044,73271,187840,15926,22366,109640,67409,30198,89999,15236,20300,109220,74635,43073,97841,3.7,5.1,26,16.9,8.7,22.4
"Hastings, NE Micro Area",677,1183,5512,5477,2329,3214,348,725,2866,2519,1047,1513,329,458,2646,2958,1282,1701,3.3,5.8,27,26.8,11.4,15.8
"Hattiesburg, MS Metro Area",4375,9010,30861,24657,10867,18183,2417,4515,15835,11532,4175,7783,1958,4495,15026,13125,6692,10400,4,8.2,28.2,22.5,9.9,16.6
"Hays, KS Micro Area",254,735,4394,3950,1678,4363,115,415,2350,1967,933,2134,139,320,2044,1983,745,2229,1.4,4.1,24.7,22.2,9.4,24.6
"Heber, UT Micro Area",1002,1250,8575,9711,2942,15583,468,670,4034,5064,1254,7579,534,580,4541,4647,1688,8004,2.1,2.6,17.9,20.3,6.1,32.6
"Helena, MT Micro Area",665,1883,13685,11830,5432,14921,325,1228,7314,5396,2214,7376,340,655,6371,6434,3218,7545,1.2,3.3,24,20.7,9.5,26.1
"Helena-West Helena, AR Micro Area",656,1544,3726,3001,1163,1263,329,664,2027,1526,213,496,327,880,1699,1475,950,767,5.5,12.9,31.2,25.1,9.7,10.6
"Henderson, NC Micro Area",1566,3542,10511,6584,2685,3499,926,1900,4891,2688,839,1619,640,1642,5620,3896,1846,1880,5.2,11.7,34.8,21.8,8.9,11.6
"Hereford, TX Micro Area",1892,1097,4138,2071,443,934,1020,488,2067,1107,143,343,872,609,2071,964,300,591,17.3,10,37.8,18.9,4,8.5
"Hermiston-Pendleton, OR Micro Area",4893,5335,17240,15357,5706,6115,2705,3234,9153,7707,2695,3049,2188,2101,8087,7650,3011,3066,8.4,9.2,29.7,26.4,9.8,10.5
"Hickory-Lenoir-Morganton, NC Metro Area",14743,27200,84601,54442,31471,34083,7863,15273,43226,25432,12760,15409,6880,11927,41375,29010,18711,18674,5.6,10.4,32.3,20.8,12,13
"Hillsdale, MI Micro Area",1132,2045,12268,7337,2659,3522,618,1139,6299,3580,1104,1641,514,906,5969,3757,1555,1881,3.6,6.5,39.1,23.4,8.5,11.2
"Hilo, HI Micro Area",3367,6865,43473,31354,16267,28103,1672,3916,22399,15720,7616,12388,1695,2949,21074,15634,8651,15715,2.3,4.8,30.2,21.8,11.3,19.5
"Hilton Head Island-Bluffton, SC Metro Area",3703,8125,37905,32512,13870,36797,2098,4615,19868,13526,5520,16992,1605,3510,18037,18986,8350,19805,2.3,5.1,23.9,20.5,8.8,23.2
"Hinesville, GA Metro Area",1177,3460,15656,14092,5083,5787,577,1685,8185,7501,2347,2386,600,1775,7471,6591,2736,3401,2.4,7.2,32.5,29.2,10.5,12
"Hobbs, NM Micro Area",4959,5361,13524,8886,3343,3467,2548,3203,7349,4288,1465,1451,2411,2158,6175,4598,1878,2016,11.7,12.7,32,21,7.9,8.2
"Holland, MI Micro Area",2414,4580,29398,17720,6844,12465,1098,2726,14913,8818,2679,5853,1316,1854,14485,8902,4165,6612,3,5.7,36.9,22.2,8.6,15.6
"Homosassa Springs, FL Metro Area",3188,9276,44939,27231,11284,13674,1688,4956,21457,13270,4005,6668,1500,4320,23482,13961,7279,7006,2.7,7.8,38,23,9.5,11.6
"Hood River, OR Micro Area",1760,1024,3295,2994,1306,2922,987,554,1512,1411,761,1572,773,470,1783,1583,545,1350,11.1,6.4,20.7,18.8,8.2,18.4
"Hope, AR Micro Area",1369,1527,8341,3993,1861,1906,544,828,4460,1621,551,730,825,699,3881,2372,1310,1176,6.8,7.6,41.6,19.9,9.3,9.5
"Hot Springs, AR Metro Area",2079,5575,22428,19333,6111,10938,1084,2851,10918,8512,2480,5332,995,2724,11510,10821,3631,5606,2.9,7.8,31.2,26.9,8.5,15.2
"Houghton, MI Micro Area",450,1114,6988,4473,2084,4338,248,549,3535,2293,811,2295,202,565,3453,2180,1273,2043,2,4.9,30.6,19.6,9.1,19
"Houma-Thibodaux, LA Metro Area",11320,16356,56680,25863,7737,15489,6290,9377,28163,12267,2729,6385,5030,6979,28517,13596,5008,9104,8,11.6,40.2,18.3,5.5,11
"Houston-The Woodlands-Sugar Land, TX Metro Area",376467,328727,1025639,919042,332754,957094,194293,173510,509363,439016,150706,454920,182174,155217,516276,480026,182048,502174,8.4,7.3,22.8,20.5,7.4,21.3
"Hudson, NY Micro Area",1407,2741,13377,7003,5787,8035,820,1714,7085,3369,2177,3980,587,1027,6292,3634,3610,4055,3.1,6,29.3,15.3,12.7,17.6
"Huntingdon, PA Micro Area",908,2438,16044,4782,2725,3904,564,1651,9192,2495,1172,1644,344,787,6852,2287,1553,2260,2.8,7.4,49,14.6,8.3,11.9
"Huntington, IN Micro Area",592,1439,10431,4945,2360,3415,321,855,5107,2382,1115,1595,271,584,5324,2563,1245,1820,2.4,5.8,41.7,19.8,9.4,13.6
"Huntington-Ashland, WV-KY-OH Metro Area",10672,20669,92811,51644,22398,30655,5404,10679,48344,24195,8235,13960,5268,9990,44467,27449,14163,16695,4.3,8.2,37,20.6,8.9,12.2
"Huntsville, AL Metro Area",9657,21397,69081,68179,24581,79706,4831,11332,32614,32336,9509,38421,4826,10065,36467,35843,15072,41285,3,6.7,21.6,21.3,7.7,24.9
"Huntsville, TX Micro Area",2801,3750,18642,9819,2810,6135,1929,2551,12762,5538,1641,3120,872,1199,5880,4281,1169,3015,6,8,39.9,21,6,13.1
"Huron, SD Micro Area",1085,934,4809,2327,1439,2123,623,607,2582,918,722,1005,462,327,2227,1409,717,1118,7.9,6.8,34.9,16.9,10.4,15.4
"Hutchinson, KS Micro Area",1390,2951,12604,12629,4934,5776,597,1701,6643,5988,2077,2884,793,1250,5961,6641,2857,2892,3.2,6.8,29.2,29.3,11.4,13.4
"Hutchinson, MN Micro Area",512,1147,8406,6141,4329,2970,263,705,3987,3027,2148,1436,249,442,4419,3114,2181,1534,2.1,4.6,33.9,24.7,17.4,12
"Idaho Falls, ID Metro Area",2390,4719,22678,23471,10093,18199,1355,2438,11322,10776,4178,8660,1035,2281,11356,12695,5915,9539,2.7,5.3,25.2,26.1,11.2,20.2
"Indiana, PA Micro Area",1770,3367,23106,8375,5142,7881,854,1804,11829,4123,2702,3436,916,1563,11277,4252,2440,4445,3.2,6,41.5,15,9.2,14.2
"Indianapolis-Carmel-Anderson, IN Metro Area",41856,91624,376524,260404,109416,310731,21132,46484,185558,123399,46615,147792,20724,45140,190966,137005,62801,162939,3.1,6.7,27.6,19.1,8,22.7
"Indianola, MS Micro Area",1217,3143,5606,3477,1073,1729,584,2026,3453,1962,390,703,633,1117,2153,1515,683,1026,7,18.1,32.3,20,6.2,9.9
"Iowa City, IA Metro Area",2361,2710,20056,18247,9133,28317,1367,1549,10793,8775,4261,13149,994,1161,9263,9472,4872,15168,2.3,2.6,19.2,17.5,8.8,27.2
"Iron Mountain, MI-WI Micro Area",184,1038,7455,5260,2882,3570,92,406,4044,2494,1282,1838,92,632,3411,2766,1600,1732,0.8,4.7,33.7,23.8,13,16.1
"Ithaca, NY Metro Area",1077,2231,11102,8037,5706,14069,484,1229,5434,4086,2145,6806,593,1002,5668,3951,3561,7263,1.8,3.7,18.5,13.4,9.5,23.4
"Jackson, MI Metro Area",2040,7089,36544,28055,11813,16613,1174,3914,19609,14567,4982,7790,866,3175,16935,13488,6831,8823,1.8,6.4,33.1,25.4,10.7,15
"Jackson, MS Metro Area",14813,34566,97790,87482,38767,74654,8472,18884,50722,38947,16081,32380,6341,15682,47068,48535,22686,42274,3.7,8.7,24.7,22.1,9.8,18.8
"Jackson, OH Micro Area",1257,1772,10081,3553,2322,2271,628,841,5139,1753,887,1220,629,931,4942,1800,1435,1051,5.6,7.9,45.2,15.9,10.4,10.2
"Jackson, TN Metro Area",4805,10649,44271,26145,7893,16457,2346,5400,22285,11227,2955,7206,2459,5249,21986,14918,4938,9251,4,8.9,36.9,21.8,6.6,13.7
"Jackson, WY-ID Micro Area",755,736,4119,5597,1431,8965,472,428,2405,2809,722,4836,283,308,1714,2788,709,4129,2.9,2.9,16,21.8,5.6,34.9
"Jacksonville, FL Metro Area",27533,66802,294789,226646,105910,224366,13256,34648,145248,106986,44745,105959,14277,32154,149541,119660,61165,118407,2.6,6.3,27.7,21.3,10,21.1
"Jacksonville, IL Micro Area",710,1927,11109,5953,2129,3720,413,1177,5692,2969,965,1634,297,750,5417,2984,1164,2086,2.6,7.1,40.7,21.8,7.8,13.6
"Jacksonville, NC Metro Area",2281,5897,31216,30399,11619,17433,1129,3098,17312,15712,4419,8453,1152,2799,13904,14687,7200,8980,2.1,5.5,29.3,28.5,10.9,16.4
"Jacksonville, TX Micro Area",2983,3570,10798,8230,2706,3949,1786,2022,5508,3803,1223,1850,1197,1548,5290,4427,1483,2099,8.7,10.4,31.5,24,7.9,11.5
"Jamestown, ND Micro Area",496,731,5081,3396,1237,2646,264,460,2733,1497,676,1254,232,271,2348,1899,561,1392,3.4,5.1,35.2,23.6,8.6,18.4
"Jamestown-Dunkirk-Fredonia, NY Micro Area",3255,6200,30901,16224,12196,11609,1803,3472,16216,8056,5127,5351,1452,2728,14685,8168,7069,6258,3.6,6.9,34.6,18.1,13.6,13
"Janesville-Beloit, WI Metro Area",2636,6575,38365,24360,12909,17758,1511,3574,19214,12037,5554,8264,1125,3001,19151,12323,7355,9494,2.4,5.9,34.6,22,11.6,16
"Jasper, AL Micro Area",2833,5352,15621,10334,4501,3768,1460,2530,7811,4787,1606,2197,1373,2822,7810,5547,2895,1571,6.3,12,35,23.2,10.1,8.4
"Jasper, IN Micro Area",1573,2564,14791,5794,4158,6317,907,1394,7445,2520,2002,3323,666,1170,7346,3274,2156,2994,4.2,6.8,39.3,15.4,11.1,16.8
"Jayuya, PR Micro Area",1554,637,3690,1327,590,1419,930,301,1801,674,276,480,624,336,1889,653,314,939,15.9,6.5,37.7,13.5,6,14.5
"Jefferson, GA Micro Area",2450,4535,15289,10017,4173,7644,1389,2311,7764,4680,2058,3662,1061,2224,7525,5337,2115,3982,5.1,9.5,32.1,21,8.8,16
"Jefferson City, MO Metro Area",2970,7160,34843,20732,8079,19800,1538,4492,18350,10617,3978,9632,1432,2668,16493,10115,4101,10168,2.9,6.9,33.6,20,7.8,19.1
"Jennings, LA Micro Area",1385,2397,8574,3498,1180,2312,658,1287,4296,1652,525,937,727,1110,4278,1846,655,1375,6.6,11.5,41.1,16.7,5.6,11.1
"Jesup, GA Micro Area",1025,2089,8544,3867,2097,1492,594,967,4991,1714,951,699,431,1122,3553,2153,1146,793,5.1,10.4,42.4,19.2,10.4,7.4
"Johnson City, TN Metro Area",5738,11740,47357,30937,10152,23047,2872,6225,23073,15973,4139,10477,2866,5515,24284,14964,6013,12570,4,8.1,32.7,21.4,7,15.9
"Johnstown, PA Metro Area",1933,5614,41875,14188,10108,13387,846,2778,21201,6811,4331,6388,1087,2836,20674,7377,5777,6999,2,5.9,44.3,15,10.7,14.2
"Jonesboro, AR Metro Area",4621,5908,30883,17406,6672,13080,2070,2803,16443,8412,2022,5915,2551,3105,14440,8994,4650,7165,5.3,6.8,35.8,20.2,7.7,15.1
"Joplin, MO Metro Area",4895,10060,41621,26744,9162,18844,2600,4900,21387,12465,3828,8458,2295,5160,20234,14279,5334,10386,4.1,8.4,35,22.5,7.7,15.8
"Juneau, AK Micro Area",180,671,4870,6252,1865,5722,103,497,2898,3151,875,2455,77,174,1972,3101,990,3267,0.8,3,21.5,27.7,8.2,25.3
"Kahului-Wailuku-Lahaina, HI Metro Area",4205,4963,37088,27922,11137,22350,1708,2614,19630,14135,5122,10013,2497,2349,17458,13787,6015,12337,3.5,4.2,31.2,23.5,9.4,18.8
"Kalamazoo-Portage, MI Metro Area",2526,7345,37924,37175,15248,40035,1353,4053,19532,17226,5946,19437,1173,3292,18392,19949,9302,20598,1.5,4.4,22.8,22.3,9.2,24.1
"Kalispell, MT Micro Area",943,3235,20545,17270,7398,15695,464,1791,10798,7654,3114,7675,479,1444,9747,9616,4284,8020,1.3,4.5,28.3,23.8,10.2,21.6
"Kankakee, IL Metro Area",3161,5384,25224,17202,6851,9433,1789,2824,12493,8379,3181,4497,1372,2560,12731,8823,3670,4936,4.3,7.4,34.6,23.6,9.4,13
"Kansas City, MO-KS Metro Area",37977,71290,369044,316555,113355,342807,18562,37467,183606,149969,48388,166211,19415,33823,185438,166586,64967,176596,2.6,4.9,25.4,21.8,7.8,23.6
"Kapaa, HI Micro Area",2173,1754,15911,10493,6485,10429,826,744,8806,5076,2968,4937,1347,1010,7105,5417,3517,5492,4.2,3.4,30.9,20.4,12.6,20.2
"Kearney, NE Micro Area",1181,1524,8847,8444,3431,7643,604,857,4729,4198,1671,3408,577,667,4118,4246,1760,4235,3.4,4.4,25.4,24.2,9.8,21.9
"Keene, NH Micro Area",1176,2332,16725,9806,5451,11344,725,1500,8875,4702,2413,4916,451,832,7850,5104,3038,6428,2.2,4.4,31.2,18.3,10.2,21.2
"Kendallville, IN Micro Area",2777,2376,12740,6382,2716,3485,1496,1251,6476,3169,1154,1589,1281,1125,6264,3213,1562,1896,8.7,7.4,39.9,20,8.5,10.9
"Kennett, MO Micro Area",1573,2559,7935,3386,1535,1598,761,1110,4136,1426,546,637,812,1449,3799,1960,989,961,8,13,40.2,17.2,7.8,8.1
"Kennewick-Richland, WA Metro Area",13354,11020,44482,45597,18757,31629,7081,6032,22808,21620,8887,15824,6273,4988,21674,23977,9870,15805,7.2,6,24.1,24.7,10.2,17.1
"Kerrville, TX Micro Area",1545,2505,10714,9736,2731,6890,830,1315,5065,4645,1078,3125,715,1190,5649,5091,1653,3765,4.1,6.6,28.3,25.7,7.2,18.2
"Ketchikan, AK Micro Area",160,433,2975,2866,789,1641,90,258,1665,1438,359,748,70,175,1310,1428,430,893,1.7,4.5,30.7,29.6,8.1,16.9
"Key West, FL Micro Area",2173,2606,16262,12154,4972,12996,1244,1368,9069,6183,2220,6503,929,1238,7193,5971,2752,6493,3.7,4.4,27.6,20.6,8.4,22
"Kill Devil Hills, NC Micro Area",525,1005,6035,6814,2596,7062,325,555,3338,3685,1049,3098,200,450,2697,3129,1547,3964,1.9,3.7,21.9,24.7,9.4,25.6
"Killeen-Temple, TX Metro Area",10566,15943,73445,81513,32284,43370,5093,7136,36314,40633,15088,20183,5473,8807,37131,40880,17196,23187,3.8,5.7,26.3,29.2,11.6,15.5
"Kingsport-Bristol, TN-VA Metro Area",10715,19317,79635,45308,20113,31738,5871,9855,39742,20902,8234,15322,4844,9462,39893,24406,11879,16416,4.8,8.6,35.4,20.1,8.9,14.1
"Kingston, NY Metro Area",3700,7829,37604,24154,13948,23177,2039,4440,19812,12164,6837,11114,1661,3389,17792,11990,7111,12063,2.8,6,28.8,18.5,10.7,17.8
"Kingsville, TX Micro Area",2087,1688,4766,3873,735,2920,795,700,2940,2140,151,1478,1292,988,1826,1733,584,1442,12.1,9.8,27.6,22.4,4.3,16.9
"Kinston, NC Micro Area",2460,4957,12581,8401,4794,4314,1434,2605,6111,3796,1771,2049,1026,2352,6470,4605,3023,2265,6.3,12.6,32,21.4,12.2,11
"Kirksville, MO Micro Area",587,977,6224,2956,1441,2160,253,550,3322,1278,559,998,334,427,2902,1678,882,1162,3.5,5.8,37.2,17.7,8.6,12.9
"Klamath Falls, OR Micro Area",2134,3721,15013,11769,4794,6460,1000,1823,7510,5976,2373,2743,1134,1898,7503,5793,2421,3717,4.5,7.8,31.6,24.8,10.1,13.6
"Knoxville, TN Metro Area",22241,40343,180734,123558,49852,110599,11649,20995,87671,57047,20283,53776,10592,19348,93063,66511,29569,56823,3.7,6.7,30.2,20.6,8.3,18.5
"Kokomo, IN Metro Area",1689,3550,21429,13275,5174,7791,768,1715,10390,5977,2379,3456,921,1835,11039,7298,2795,4335,3,6.2,37.5,23.2,9,13.6
"Laconia, NH Micro Area",707,2570,12975,9689,5207,8412,454,1574,6908,4357,2347,3839,253,996,6067,5332,2860,4573,1.6,5.6,28.5,21.2,11.4,18.4
"La Crosse-Onalaska, WI-MN Metro Area",1636,2678,23669,18866,11974,19511,667,1464,12414,9521,5710,8761,969,1214,11255,9345,6264,10750,1.8,3,26.4,21.1,13.4,21.8
"Lafayette, LA Metro Area",17636,30596,118798,61283,19792,56192,9243,16445,58623,29924,8446,24159,8393,14151,60175,31359,11346,32033,5.4,9.3,36.3,18.7,6,17.2
"Lafayette-West Lafayette, IN Metro Area",3578,7602,39758,24907,10435,26894,1702,3820,20362,11916,4091,13397,1876,3782,19396,12991,6344,13497,2.7,5.7,29.8,18.7,7.8,20.2
"La Grande, OR Micro Area",333,930,5820,4708,1620,2962,119,442,2971,2223,735,1436,214,488,2849,2485,885,1526,1.9,5.3,32.9,26.6,9.2,16.7
"LaGrange, GA-AL Micro Area",3596,7391,24978,15058,6205,8343,2002,3513,12500,6722,2293,3590,1594,3878,12478,8336,3912,4753,5.1,10.6,35.7,21.5,8.9,11.9
"Lake Charles, LA Metro Area",4698,12818,47322,32008,12463,20084,2385,6288,24000,16204,4657,8985,2313,6530,23322,15804,7806,11099,3.4,9.2,33.9,22.9,8.9,14.4
"Lake City, FL Micro Area",2022,5351,17888,12138,4386,5106,1195,3088,10142,5570,1987,1864,827,2263,7746,6568,2399,3242,4.1,10.9,36.4,24.7,8.9,10.4
"Lake Havasu City-Kingman, AZ Metro Area",6319,15726,55708,48035,14690,13499,3403,8348,28416,23429,6548,7178,2916,7378,27292,24606,8142,6321,3.9,9.7,34.3,29.6,9.1,8.3
"Lakeland-Winter Haven, FL Metro Area",28167,43256,165471,105678,46877,66256,13908,23698,80820,49397,19715,31372,14259,19558,84651,56281,27162,34884,5.7,8.8,33.7,21.5,9.6,13.5
"Lamesa, TX Micro Area",1227,1075,2725,1563,337,942,740,642,1520,835,174,419,487,433,1205,728,163,523,15.2,13.3,33.7,19.3,4.2,11.6
"Lancaster, PA Metro Area",24899,27795,127761,53386,28295,67413,12124,14748,62186,25436,12647,31983,12775,13047,65575,27950,15648,35430,6.8,7.6,34.8,14.6,7.7,18.4
"Lansing-East Lansing, MI Metro Area",7278,14838,91714,89207,36399,69037,3884,7683,46313,43168,15614,32792,3394,7155,45401,46039,20785,36245,2,4.1,25.6,24.9,10.2,19.3
"Laramie, WY Micro Area",293,603,2903,4308,1591,6460,145,285,1662,2324,798,2986,148,318,1241,1984,793,3474,1.4,2.8,13.4,19.9,7.3,29.8
"Laredo, TX Metro Area",26526,22226,37611,26687,11307,20488,11045,11145,18954,13313,5367,9396,15481,11081,18657,13374,5940,11092,17.3,14.5,24.6,17.4,7.4,13.4
"Las Cruces, NM Metro Area",14945,10856,28539,28448,10781,22915,7216,5513,14359,13990,4972,10401,7729,5343,14180,14458,5809,12514,11.3,8.2,21.5,21.4,8.1,17.3
"Las Vegas, NM Micro Area",1331,2270,6353,6255,2109,2421,799,1271,3251,2771,1051,1049,532,999,3102,3484,1058,1372,5.7,9.7,27.3,26.9,9.1,10.4
"Las Vegas-Henderson-Paradise, NV Metro Area",88025,122035,432400,377165,124001,254714,41803,63077,218582,185266,58052,123006,46222,58958,213818,191899,65949,131708,5.8,8,28.3,24.7,8.1,16.7
"Laurel, MS Micro Area",3065,4363,18918,12987,6026,6832,1553,2380,9347,6092,2342,3435,1512,1983,9571,6895,3684,3397,5.4,7.7,33.5,23,10.7,12.1
"Laurinburg, NC Micro Area",1117,3404,7943,5269,2250,2405,583,1949,4335,2490,702,1078,534,1455,3608,2779,1548,1327,4.7,14.4,33.6,22.3,9.5,10.2
"Lawrence, KS Metro Area",966,2259,13221,13398,4721,19727,376,1120,7296,6769,2430,8790,590,1139,5925,6629,2291,10937,1.4,3.2,18.7,18.9,6.7,27.8
"Lawrenceburg, TN Micro Area",2219,2417,12983,5702,2103,2373,1280,1324,6470,2474,671,1114,939,1093,6513,3228,1432,1259,7.5,8.2,44,19.3,7.1,8
"Lawton, OK Metro Area",2025,5774,27261,21845,6069,10979,1145,2492,14249,11387,2752,5078,880,3282,13012,10458,3317,5901,2.5,7.1,33.4,26.8,7.4,13.5
"Lebanon, MO Micro Area",907,2497,10514,5010,1656,2614,592,1154,4852,2624,674,1217,315,1343,5662,2386,982,1397,3.7,10.3,43.4,20.7,6.8,10.8
"Lebanon, NH-VT Micro Area",3346,8013,47537,26566,14311,32293,1804,4628,26028,12670,5919,13601,1542,3385,21509,13896,8392,18692,2.1,5,29.9,16.7,9,20.3
"Lebanon, PA Metro Area",3920,7993,42564,14346,7206,13317,1904,4172,20356,7124,3384,6205,2016,3821,22208,7222,3822,7112,4.1,8.3,44.1,14.9,7.5,13.8
"Levelland, TX Micro Area",1812,1696,4052,3249,1315,1561,807,877,2425,1479,534,660,1005,819,1627,1770,781,901,12.6,11.8,28.2,22.6,9.1,10.9
"Lewisburg, PA Micro Area",1153,2559,12518,3967,2568,3925,641,1661,7279,2502,959,1975,512,898,5239,1465,1609,1950,3.8,8.4,41,13,8.4,12.9
"Lewisburg, TN Micro Area",915,2050,9322,5135,2098,2541,477,1129,4657,2465,688,1345,438,921,4665,2670,1410,1196,3.9,8.8,40,22,9,10.9
"Lewiston, ID-WA Metro Area",771,2773,13182,12013,5231,7292,539,1336,6487,5697,2562,3405,232,1437,6695,6316,2669,3887,1.7,6.2,29.6,26.9,11.7,16.3
"Lewiston-Auburn, ME Metro Area",2502,4072,26755,15946,8873,11463,1276,2328,13554,8212,3911,4560,1226,1744,13201,7734,4962,6903,3.3,5.4,35.6,21.2,11.8,15.2
"Lewistown, PA Micro Area",1517,3423,16207,4603,2414,2758,729,1642,8071,2299,894,1329,788,1781,8136,2304,1520,1429,4.7,10.5,49.9,14.2,7.4,8.5
"Lexington, NE Micro Area",1950,1318,5081,3712,1732,2239,1108,785,2660,1810,852,1148,842,533,2421,1902,880,1091,11.6,7.9,30.3,22.1,10.3,13.3
"Lexington-Fayette, KY Metro Area",11614,19204,80913,70112,26984,75310,6157,9799,41816,33506,10043,36399,5457,9405,39097,36606,16941,38911,3.4,5.7,23.8,20.6,7.9,22.2
"Liberal, KS Micro Area",2482,1370,3917,2635,954,1007,1462,759,2044,1294,514,482,1020,611,1873,1341,440,525,19.4,10.7,30.6,20.6,7.5,7.9
"Lima, OH Metro Area",1566,4956,27119,14575,8047,7971,868,2822,13490,7715,3285,3523,698,2134,13629,6860,4762,4448,2.3,7.2,39.2,21.1,11.6,11.5
"Lincoln, IL Micro Area",551,1472,7369,4951,1861,2676,277,756,3632,2422,794,1305,274,716,3737,2529,1067,1371,2.7,7.3,36.6,24.6,9.2,13.3
"Lincoln, NE Metro Area",5830,8054,44530,43439,24174,51176,3086,4487,22985,21037,12666,23813,2744,3567,21545,22402,11508,27363,2.8,3.9,21.5,20.9,11.6,24.7
"Little Rock-North Little Rock-Conway, AR Metro Area",14743,28948,145751,112297,40138,97210,7427,14794,74621,51140,16437,44960,7316,14154,71130,61157,23701,52250,3,5.8,29.3,22.5,8.1,19.5
"Lock Haven, PA Micro Area",830,1760,12024,3552,2214,3133,404,871,6222,1877,924,1489,426,889,5802,1675,1290,1644,3.3,6.9,47.5,14,8.7,12.4
"Logan, UT-ID Metro Area",1747,3075,16456,19484,5466,17136,891,1478,8368,9317,2294,8186,856,1597,8088,10167,3172,8950,2.4,4.3,22.8,26.9,7.6,23.7
"Logansport, IN Micro Area",1623,2204,10583,5451,2709,2310,890,1157,5680,2453,1027,1062,733,1047,4903,2998,1682,1248,6.3,8.5,40.8,21,10.4,8.9
"London, KY Micro Area",9644,12247,38272,18238,6196,8367,5387,6539,19699,8124,2014,3987,4257,5708,18573,10114,4182,4380,9.6,12.2,38.1,18.1,6.2,8.3
"Longview, TX Metro Area",10339,18216,58279,49842,16057,25501,5593,9498,30925,23058,6855,10939,4746,8718,27354,26784,9202,14562,5.4,9.6,30.7,26.3,8.5,13.4
"Longview, WA Metro Area",2480,5172,22931,22912,9211,8637,1263,2542,11575,11380,4192,4170,1217,2630,11356,11532,5019,4467,3.3,6.8,30.4,30.3,12.2,11.4
"Los Alamos, NM Micro Area",93,168,1341,1863,903,3394,41,43,524,1018,387,1412,52,125,817,845,516,1982,0.7,1.2,10,13.8,6.7,25.2
"Los Angeles-Long Beach-Anaheim, CA Metro Area",988467,712134,1783211,1733143,656991,2082580,458946,363551,889364,849450,294181,1003459,529521,348583,893847,883693,362810,1079121,10.9,7.8,19.6,19.1,7.2,22.9
"Louisville/Jefferson County, KY-IN Metro Area",25041,58449,255954,195586,75955,160345,12610,29201,128697,92618,31495,78214,12431,29248,127257,102968,44460,82131,2.9,6.7,29.3,22.4,8.7,18.4
"Lubbock, TX Metro Area",10871,14314,48274,44537,12616,37561,5804,6750,23781,21074,5656,17670,5067,7564,24493,23463,6960,19891,5.7,7.5,25.3,23.4,6.6,19.7
"Ludington, MI Micro Area",525,1294,7505,4586,2636,2842,356,644,3866,2319,1015,1276,169,650,3639,2267,1621,1566,2.5,6.1,35.4,21.6,12.4,13.4
"Lufkin, TX Micro Area",4291,5450,17634,14846,4685,7153,1959,2724,9652,6878,1756,3235,2332,2726,7982,7968,2929,3918,7.5,9.5,30.8,25.9,8.2,12.5
"Lumberton, NC Micro Area",6126,12948,28299,17286,8649,7949,3581,7394,14309,7243,2797,3263,2545,5554,13990,10043,5852,4686,7.2,15.2,33.2,20.3,10.1,9.3
"Lynchburg, VA Metro Area",6467,12316,54528,37581,15268,31233,3073,6679,27036,17914,6446,13261,3394,5637,27492,19667,8822,17972,3.7,7,30.8,21.2,8.6,17.7
"Macomb, IL Micro Area",258,609,5590,3889,1931,2896,145,219,2826,1865,743,1367,113,390,2764,2024,1188,1529,1.4,3.4,30.8,21.4,10.6,16
"Macon-Bibb County, GA Metro Area",5804,14764,51373,34308,11673,19332,3034,7538,25167,15379,4470,8868,2770,7226,26206,18929,7203,10464,3.8,9.6,33.3,22.3,7.6,12.5
"Madera, CA Metro Area",16240,11239,22864,25332,7405,10572,8496,5490,11607,11695,2722,4171,7744,5749,11257,13637,4683,6401,16.6,11.5,23.3,25.9,7.6,10.8
"Madison, IN Micro Area",830,1567,9318,4405,2414,2540,475,796,4925,1820,656,1291,355,771,4393,2585,1758,1249,3.7,7,41.6,19.6,10.8,11.3
"Madison, WI Metro Area",6822,12352,90142,79305,45434,125802,3697,7195,46556,39827,20657,61416,3125,5157,43586,39478,24777,64386,1.5,2.8,20.4,17.9,10.3,28.5
"Madisonville, KY Micro Area",1532,2272,12582,6741,3212,2761,796,1302,6648,2801,1183,1381,736,970,5934,3940,2029,1380,4.9,7.2,40.1,21.5,10.2,8.8
"Magnolia, AR Micro Area",618,1309,6091,2982,613,1894,285,618,3019,1167,307,992,333,691,3072,1815,306,902,4.2,9,41.7,20.4,4.2,13
"Malone, NY Micro Area",1574,2792,13326,5900,4603,3770,1041,1707,8271,3199,2153,1850,533,1085,5055,2701,2450,1920,4.4,7.9,37.5,16.6,12.9,10.6
"Malvern, AR Micro Area",800,2226,9279,6212,1917,2417,391,1251,5271,2934,857,1122,409,975,4008,3278,1060,1295,3.3,9.2,38.4,25.7,7.9,10
"Manchester-Nashua, NH Metro Area",8322,14179,75661,52618,30016,72309,4241,7966,37935,24643,13183,36566,4081,6213,37726,27975,16833,35743,2.8,4.8,25.7,17.9,10.2,24.6
"Manhattan, KS Metro Area",1003,2310,14856,18104,7544,15710,467,1095,7920,10063,3799,7287,536,1215,6936,8041,3745,8423,1.4,3.3,20.9,25.5,10.6,22.1
"Manitowoc, WI Micro Area",1332,2626,20679,12688,7064,8704,716,1567,10363,6351,3420,4077,616,1059,10316,6337,3644,4627,2.3,4.6,36.4,22.3,12.4,15.3
"Mankato, MN Metro Area",1368,2133,16240,12818,7881,14178,829,1231,9035,6609,3790,6323,539,902,7205,6209,4091,7855,2.2,3.5,26.3,20.8,12.8,23
"Mansfield, OH Metro Area",2992,7291,34269,17391,7685,9954,1409,4124,17497,9281,3349,4252,1583,3167,16772,8110,4336,5702,3.5,8.6,40.5,20.5,9.1,11.8
"Marietta, OH Micro Area",759,3316,17245,8899,4937,4831,455,1641,8589,4461,1976,2177,304,1675,8656,4438,2961,2654,1.8,7.7,39.9,20.6,11.4,11.2
"Marinette, WI-MI Micro Area",1114,2692,19387,10510,5507,5344,658,1512,10083,5239,2346,2451,456,1180,9304,5271,3161,2893,2.4,5.7,41.1,22.3,11.7,11.3
"Marion, IN Micro Area",1532,3739,16884,9621,4131,4685,925,1875,8257,4383,1698,1991,607,1864,8627,5238,2433,2694,3.5,8.5,38.4,21.9,9.4,10.7
"Marion, NC Micro Area",1470,3651,10580,7179,4225,4315,792,2228,5658,3459,1859,1573,678,1423,4922,3720,2366,2742,4.4,11,31.9,21.6,12.7,13
"Marion, OH Micro Area",1181,3499,20686,11374,3494,3889,612,1996,11258,6520,1568,1810,569,1503,9428,4854,1926,2079,2.6,7.6,44.8,24.6,7.6,8.4
"Marquette, MI Micro Area",522,1461,13079,10094,4248,10663,338,904,6850,5276,2018,5117,184,557,6229,4818,2230,5546,1.2,3.3,29.4,22.7,9.5,24
"Marshall, MN Micro Area",467,676,5079,3629,2195,3176,206,375,2623,1644,1141,1462,261,301,2456,1985,1054,1714,2.9,4.1,31,22.2,13.4,19.4
"Marshall, MO Micro Area",946,1332,5500,2853,926,2342,439,564,2940,1249,408,1166,507,768,2560,1604,518,1176,6.3,8.9,36.9,19.1,6.2,15.7
"Marshalltown, IA Micro Area",2274,1617,8941,4902,3115,3813,1172,774,4532,2300,1441,1881,1102,843,4409,2602,1674,1932,8.6,6.1,34,18.6,11.8,14.5
"Martin, TN Micro Area",993,1745,9507,3880,1148,2501,506,960,4787,1925,269,1226,487,785,4720,1955,879,1275,4.6,8.1,44.1,18,5.3,11.6
"Martinsville, VA Micro Area",3485,5123,15614,9005,5431,4835,1742,2694,7732,4142,1974,2012,1743,2429,7882,4863,3457,2823,7.5,11.1,33.8,19.5,11.8,10.5
"Maryville, MO Micro Area",342,494,4732,2591,880,1943,203,315,2751,1189,346,851,139,179,1981,1402,534,1092,2.7,4,38,20.8,7.1,15.6
"Mason City, IA Micro Area",734,1700,12304,7546,5526,5452,280,897,6456,3624,2219,2653,454,803,5848,3922,3307,2799,2,4.7,34.3,21,15.4,15.2
"Mayagüez, PR Metro Area",12661,5942,19075,7296,4564,12303,5695,3248,9123,3344,1782,4991,6966,2694,9952,3952,2782,7312,18.9,8.9,28.5,10.9,6.8,18.4
"Mayfield, KY Micro Area",1022,1810,10547,4914,2612,2319,547,966,5429,2209,930,1247,475,844,5118,2705,1682,1072,4.1,7.2,42.1,19.6,10.4,9.3
"Maysville, KY Micro Area",688,863,4020,2507,1241,1415,414,475,1984,1271,405,594,274,388,2036,1236,836,821,5.8,7.3,33.9,21.2,10.5,11.9
"McAlester, OK Micro Area",991,3089,11252,6997,2908,3735,543,1554,6235,3467,1198,1695,448,1535,5017,3530,1710,2040,3.2,10,36.4,22.6,9.4,12.1
"McAllen-Edinburg-Mission, TX Metro Area",96557,64036,115900,90946,24439,64879,43022,31408,59708,44085,10832,29577,53535,32628,56192,46861,13607,35302,19.9,13.2,23.9,18.7,5,13.4
"McComb, MS Micro Area",1377,3063,9008,5243,2671,2402,669,1826,4500,2250,903,842,708,1237,4508,2993,1768,1560,5.4,12,35.4,20.6,10.5,9.4
"McMinnville, TN Micro Area",1894,3180,12574,4923,1684,2501,1074,1746,6294,2201,538,1214,820,1434,6280,2722,1146,1287,6.7,11.3,44.8,17.5,6,8.9
"McPherson, KS Micro Area",966,704,5293,4754,2144,4004,453,388,2716,2169,949,1985,513,316,2577,2585,1195,2019,5,3.6,27.2,24.4,11,20.6
"Meadville, PA Micro Area",2160,3892,28222,8442,4741,7577,1106,1967,14151,4149,1912,3518,1054,1925,14071,4293,2829,4059,3.6,6.5,47.3,14.2,7.9,12.7
"Medford, OR Metro Area",4616,10428,39607,43117,14096,27661,2568,5395,19657,20178,6212,13363,2048,5033,19950,22939,7884,14298,2.9,6.6,25.2,27.4,9,17.6
"Memphis, TN-MS-AR Metro Area",32150,67999,257748,207421,66003,155766,16947,34852,127169,94339,26616,68339,15203,33147,130579,113082,39387,87427,3.6,7.7,29.1,23.4,7.4,17.6
"Menomonie, WI Micro Area",602,1198,8851,5572,3143,5337,284,826,4702,2781,1409,2361,318,372,4149,2791,1734,2976,2.2,4.3,32.1,20.2,11.4,19.4
"Merced, CA Metro Area",29031,20073,41355,36311,12650,15580,14811,10732,22036,17512,5303,7107,14220,9341,19319,18799,7347,8473,17.9,12.4,25.5,22.4,7.8,9.6
"Meridian, MS Micro Area",2954,7251,20735,16011,8445,7995,1427,3596,11146,6904,3404,3698,1527,3655,9589,9107,5041,4297,4.3,10.6,30.3,23.4,12.4,11.7
"Mexico, MO Micro Area",827,1550,7539,3453,1639,1639,345,735,3446,1622,533,624,482,815,4093,1831,1106,1015,4.7,8.9,43,19.7,9.4,9.4
"Miami, OK Micro Area",835,2072,7144,5098,2141,1982,481,1079,3629,2230,914,858,354,993,3515,2868,1227,1124,4.1,10.2,35,25,10.5,9.7
"Miami-Fort Lauderdale-Pompano Beach, FL Metro Area",301423,316729,1148497,757247,418084,903913,140300,161090,563122,363678,181223,421974,161123,155639,585375,393569,236861,481939,6.9,7.2,26.1,17.2,9.5,20.6
"Michigan City-La Porte, IN Metro Area",2095,6174,30479,16718,7056,10057,1264,3413,17337,8098,2557,4818,831,2761,13142,8620,4499,5239,2.7,8,39.4,21.6,9.1,13
"Middlesborough, KY Micro Area",2130,2739,7862,2928,1259,835,1239,1413,3847,1223,390,409,891,1326,4015,1705,869,426,11.4,14.7,42.1,15.7,6.7,4.5
"Midland, MI Metro Area",908,2384,17080,11586,6358,11944,564,1272,8199,6034,2543,5462,344,1112,8881,5552,3815,6482,1.5,4.1,29.1,19.7,10.8,20.3
"Midland, TX Metro Area",8365,9302,29003,24766,8754,21590,5054,4650,15472,12127,3984,10032,3311,4652,13531,12639,4770,11558,7.6,8.4,26.3,22.5,7.9,19.6
"Milledgeville, GA Micro Area",1900,3936,11734,6808,3112,4680,1151,2615,6453,3396,1370,2108,749,1321,5281,3412,1742,2572,5.4,11.3,33.5,19.5,8.9,13.4
"Milwaukee-Waukesha, WI Metro Area",30670,57813,286387,217916,93127,252133,14665,29835,141450,105773,42489,115836,16005,27978,144937,112143,50638,136297,2.9,5.4,26.7,20.3,8.7,23.5
"Minden, LA Micro Area",1070,2809,11422,5595,2032,2788,672,1549,6051,2273,687,1022,398,1260,5371,3322,1345,1766,4,10.4,42.4,20.7,7.5,10.3
"Mineral Wells, TX Micro Area",1003,1423,6975,5226,1531,2368,614,728,3642,2326,505,1112,389,695,3333,2900,1026,1256,5.1,7.2,35.4,26.5,7.8,12
"Minneapolis-St. Paul-Bloomington, MN-WI Metro Area",66722,83950,510312,483559,259368,682499,30264,46384,261936,239459,121154,327938,36458,37566,248376,244100,138214,354561,2.7,3.4,20.8,19.7,10.6,27.9
"Minot, ND Micro Area",1192,1684,15293,11166,6032,9860,681,910,8433,5626,3393,4403,511,774,6860,5540,2639,5457,2.4,3.4,31.1,22.7,12.3,20
"Missoula, MT Metro Area",1130,2264,16736,17629,7230,22378,532,1292,8746,8925,3157,10851,598,972,7990,8704,4073,11527,1.4,2.8,20.7,21.9,9,27.7
"Mitchell, SD Micro Area",451,922,5090,3290,1988,2849,206,547,2613,1679,916,1273,245,375,2477,1611,1072,1576,2.9,5.9,32.6,21.1,12.8,18.3
"Moberly, MO Micro Area",628,1329,6314,3913,1867,2123,349,659,3789,1864,913,898,279,670,2525,2049,954,1225,3.7,7.8,36.9,22.9,10.9,12.4
"Mobile, AL Metro Area",8292,28812,98765,60128,25102,45986,4267,14347,48364,27543,9571,20706,4025,14465,50401,32585,15531,25280,2.9,9.9,33.9,20.7,8.6,15.8
"Modesto, CA Metro Area",37817,32309,103320,85467,26138,42776,18938,16974,52064,40674,11224,19320,18879,15335,51256,44793,14914,23456,10.9,9.3,29.8,24.7,7.5,12.4
"Monroe, LA Metro Area",4952,13004,48950,29620,7471,19462,2973,6418,24442,13768,2592,8518,1979,6586,24508,15852,4879,10944,3.7,9.7,36.5,22.1,5.6,14.5
"Monroe, MI Metro Area",2085,7019,36223,25697,12778,14465,1036,3794,17945,13057,5359,6945,1049,3225,18278,12640,7419,7520,2,6.6,34.1,24.2,12,13.6
"Montgomery, AL Metro Area",9310,22506,69540,53006,20586,45983,4944,12255,34720,22420,7979,20367,4366,10251,34820,30586,12607,25616,3.7,8.9,27.6,21,8.2,18.2
"Montrose, CO Micro Area",1717,1697,10326,8704,2452,6214,799,726,5355,4068,1072,2991,918,971,4971,4636,1380,3223,5,4.9,30.1,25.4,7.1,18.1
"Morehead City, NC Micro Area",1141,3005,13361,14036,6108,8961,637,1682,6708,6724,2237,4299,504,1323,6653,7312,3871,4662,2.2,5.7,25.4,26.6,11.6,17
"Morgan City, LA Micro Area",1958,4162,17408,5084,2135,2266,1123,2164,8735,2036,884,1100,835,1998,8673,3048,1251,1166,5.7,12.2,51.1,14.9,6.3,6.6
"Morgantown, WV Metro Area",2248,5899,30024,14414,5804,16396,1069,3293,15649,8155,2382,8301,1179,2606,14375,6259,3422,8095,2.5,6.5,32.8,15.8,6.3,17.9
"Morristown, TN Metro Area",6584,9673,38785,20271,7666,10979,3586,4695,20193,9528,3029,4769,2998,4978,18592,10743,4637,6210,6.6,9.7,38.8,20.3,7.7,11
"Moscow, ID Micro Area",208,620,4646,5519,1797,5901,121,360,2461,3070,836,2703,87,260,2185,2449,961,3198,0.9,2.7,20.2,24,7.8,25.7
"Moses Lake, WA Micro Area",7279,5358,15952,14254,5464,7681,3861,2789,8349,7125,2437,3760,3418,2569,7603,7129,3027,3921,12.4,9.1,27.1,24.2,9.3,13
"Moultrie, GA Micro Area",2949,4616,11408,4840,1898,2230,1442,2621,5993,1962,541,1216,1507,1995,5415,2878,1357,1014,9.9,15.5,38.3,16.3,6.4,7.5
"Mountain Home, AR Micro Area",779,2818,11248,8250,3262,3773,452,1551,5267,3777,1316,1938,327,1267,5981,4473,1946,1835,2.4,8.8,35.1,25.7,10.2,11.8
"Mountain Home, ID Micro Area",443,1151,4885,4780,2191,2567,313,662,2354,2519,1268,1033,130,489,2531,2261,923,1534,2.6,6.8,28.8,28.2,12.9,15.1
"Mount Airy, NC Micro Area",4404,5855,14843,11127,5623,6234,2347,3148,7278,5401,2199,2662,2057,2707,7565,5726,3424,3572,8.6,11.5,29.1,21.8,11,12.2
"Mount Gay-Shamrock, WV Micro Area",1362,3322,10232,4031,1735,1552,769,1702,5008,1855,701,674,593,1620,5224,2176,1034,878,5.8,14.1,43.4,17.1,7.4,6.6
"Mount Pleasant, MI Micro Area",1018,1928,12624,8634,3338,6306,532,1140,6921,4134,1380,2816,486,788,5703,4500,1958,3490,2.6,4.9,32.3,22.1,8.5,16.1
"Mount Pleasant, TX Micro Area",2973,2427,9906,5700,2229,3646,1543,1278,5040,2611,928,1487,1430,1149,4866,3089,1301,2159,10.5,8.5,34.8,20,7.8,12.8
"Mount Sterling, KY Micro Area",2509,3322,13371,6076,1960,2811,1465,1801,6727,2407,810,1437,1044,1521,6644,3669,1150,1374,7.8,10.4,41.7,19,6.1,8.8
"Mount Vernon, IL Micro Area",788,2112,8248,7195,3552,2965,459,1340,4590,3311,1766,1344,329,772,3658,3884,1786,1621,3,8,31.1,27.2,13.4,11.2
"Mount Vernon, OH Micro Area",1602,1767,15790,8922,3365,6127,804,867,7964,4437,1429,2724,798,900,7826,4485,1936,3403,3.9,4.4,38.9,22,8.3,15.1
"Mount Vernon-Anacortes, WA Metro Area",3774,4686,23024,23685,10122,15766,1706,2772,12164,11374,3885,7788,2068,1914,10860,12311,6237,7978,4.2,5.2,25.6,26.3,11.2,17.5
"Muncie, IN Metro Area",1566,5390,24388,15289,6761,10044,781,2719,12228,7244,2718,4367,785,2671,12160,8045,4043,5677,2.2,7.6,34.3,21.5,9.5,14.1
"Murray, KY Micro Area",799,1462,7612,5182,1586,4229,551,827,3496,2455,525,2340,248,635,4116,2727,1061,1889,3.3,6,31.1,21.2,6.5,17.3
"Muscatine, IA Micro Area",1204,1897,9903,5648,3532,4227,601,913,5163,2866,1646,1795,603,984,4740,2782,1886,2432,4.2,6.7,34.9,19.9,12.4,14.9
"Muskegon, MI Metro Area",3113,7196,40041,30754,14587,16386,1816,3922,21246,15083,5746,7236,1297,3274,18795,15671,8841,9150,2.6,6,33.6,25.8,12.2,13.7
"Muskogee, OK Micro Area",1646,4643,15756,9894,4645,6353,838,2517,8168,4187,2060,2670,808,2126,7588,5707,2585,3683,3.6,10.2,34.5,21.7,10.2,13.9
"Myrtle Beach-Conway-North Myrtle Beach, SC-NC Metro Area",10254,22702,114450,85699,38871,60834,5111,11925,55724,39834,15626,29129,5143,10777,58726,45865,23245,31705,2.8,6.2,31.2,23.4,10.6,16.6
"Nacogdoches, TX Micro Area",3011,3129,10863,9261,2199,5735,1416,1383,5545,4860,851,2346,1595,1746,5318,4401,1348,3389,8,8.3,28.8,24.6,5.8,15.2
"Napa, CA Metro Area",8643,5519,17192,21475,8718,23922,4036,3111,9038,10703,4128,10899,4607,2408,8154,10772,4590,13023,8.8,5.6,17.5,21.9,8.9,24.4
"Naples-Marco Island, FL Metro Area",18246,15866,76011,50574,25006,61848,10203,8055,35793,23244,10273,30670,8043,7811,40218,27330,14733,31178,6.3,5.5,26.2,17.5,8.6,21.4
"Nashville-Davidson--Murfreesboro--Franklin, TN Metro Area",44431,77427,335161,257085,94258,313120,23282,40531,167773,122423,38870,149184,21149,36896,167388,134662,55388,163936,3.4,6,26,19.9,7.3,24.3
"Natchez, MS-LA Micro Area",2836,5045,12187,6754,2475,3392,2012,2979,6311,2939,849,1332,824,2066,5876,3815,1626,2060,8.1,14.4,34.9,19.3,7.1,9.7
"Natchitoches, LA Micro Area",662,2123,8761,3946,2954,2760,458,1166,4282,1970,1136,1050,204,957,4479,1976,1818,1710,2.9,9.2,38,17.1,12.8,12
"New Bern, NC Metro Area",3499,6416,23008,21965,9929,12433,2040,3604,11281,10786,3723,6152,1459,2812,11727,11179,6206,6281,4.1,7.6,27.1,25.9,11.7,14.6
"Newberry, SC Micro Area",1366,2860,9347,4939,2848,3604,730,1725,4259,2356,1236,1623,636,1135,5088,2583,1612,1981,5.2,10.8,35.4,18.7,10.8,13.6
"New Castle, IN Micro Area",727,2623,15030,7239,3100,3691,378,1595,8351,3821,1333,1685,349,1028,6679,3418,1767,2006,2.1,7.6,43.8,21.1,9,10.7
"New Castle, PA Micro Area",1429,3959,26934,10029,5791,9536,785,2036,12964,4938,2581,4288,644,1923,13970,5091,3210,5248,2.3,6.4,43.5,16.2,9.3,15.4
"New Haven-Milford, CT Metro Area",24293,33498,179781,101819,43480,113619,11110,18069,90018,48870,15651,54026,13183,15429,89763,52949,27829,59593,4.1,5.6,30.1,17,7.3,19
"New Orleans-Metairie, LA Metro Area",38385,72843,243530,200630,56487,171119,20955,37844,119996,91604,23898,77402,17430,34999,123534,109026,32589,93717,4.3,8.2,27.4,22.6,6.4,19.3
"New Philadelphia-Dover, OH Micro Area",3463,4740,28820,10861,4461,7522,1912,2359,15249,4484,1753,3225,1551,2381,13571,6377,2708,4297,5.4,7.4,45.2,17,7,11.8
"Newport, OR Micro Area",750,2206,9493,11741,3376,6569,453,1281,4440,5416,1338,3055,297,925,5053,6325,2038,3514,2,5.8,24.9,30.8,8.9,17.2
"Newport, TN Micro Area",1887,2870,12540,4367,1470,1803,1055,1536,6051,1884,505,920,832,1334,6489,2483,965,883,7.2,11,48.1,16.7,5.6,6.9
"New Ulm, MN Micro Area",437,779,6166,4051,1888,2842,189,392,3082,2135,934,1065,248,387,3084,1916,954,1777,2.5,4.5,35.8,23.5,11,16.5
"New York-Newark-Jersey City, NY-NJ-PA Metro Area",905975,849474,3254072,1970498,914440,3221073,418575,421037,1564458,973739,396930,1524041,487400,428437,1689614,996759,517510,1697032,6.7,6.3,24.1,14.6,6.8,23.9
"Niles, MI Metro Area",2967,7307,30731,26298,10810,17936,1602,3779,14779,13006,4555,8362,1365,3528,15952,13292,6255,9574,2.8,6.8,28.5,24.4,10,16.6
"Nogales, AZ Micro Area",3091,3478,8158,6491,2242,3891,1003,1744,4088,2788,1244,1842,2088,1734,4070,3703,998,2049,10.4,11.7,27.5,21.9,7.6,13.1
"Norfolk, NE Micro Area",1429,1115,9988,6694,5100,5300,793,740,5185,3210,2544,2278,636,375,4803,3484,2556,3022,4.5,3.5,31.5,21.1,16.1,16.7
"North Platte, NE Micro Area",649,962,7330,6973,3846,3612,379,316,3771,3612,1759,1596,270,646,3559,3361,2087,2016,2.6,3.8,29,27.6,15.2,14.3
"North Port-Sarasota-Bradenton, FL Metro Area",18517,35984,183348,128389,58253,125704,9967,19127,83524,59159,23889,61191,8550,16857,99824,69230,34364,64513,2.9,5.6,28.7,20.1,9.1,19.7
"North Vernon, IN Micro Area",561,1658,8502,4459,1332,1725,313,995,4765,1945,575,738,248,663,3737,2514,757,987,3,8.8,44.9,23.6,7,9.1
"North Wilkesboro, NC Micro Area",3204,5895,15554,11191,5528,5480,1801,3077,7704,5478,2326,2354,1403,2818,7850,5713,3202,3126,6.5,12,31.6,22.7,11.2,11.1
"Norwalk, OH Micro Area",1301,2988,17997,7853,3694,3908,670,1459,9597,3665,1254,1903,631,1529,8400,4188,2440,2005,3.3,7.5,45.4,19.8,9.3,9.8
"Norwich-New London, CT Metro Area",4511,9027,53519,40066,16309,34869,2166,4727,26617,19660,6998,16990,2345,4300,26902,20406,9311,17879,2.4,4.8,28.5,21.3,8.7,18.5
"Oak Harbor, WA Micro Area",684,2046,13521,17256,7040,12485,198,1139,7083,8233,3174,5977,486,907,6438,9023,3866,6508,1.1,3.3,22,28,11.4,20.3
"Ocala, FL Metro Area",9602,22675,98061,57631,25255,36242,5468,11148,47063,25659,9527,17490,4134,11527,50998,31972,15728,18752,3.6,8.4,36.5,21.4,9.4,13.5
"Ocean City, NJ Metro Area",1756,2856,22409,13801,5605,15077,1117,1245,10935,6775,2219,7016,639,1611,11474,7026,3386,8061,2.5,4.1,32.1,19.8,8,21.6
"Odessa, TX Metro Area",9607,13086,29184,21988,6846,11342,4478,7405,16024,10447,2750,5445,5129,5681,13160,11541,4096,5897,9.9,13.5,30.2,22.7,7.1,11.7
"Ogden-Clearfield, UT Metro Area",7825,16526,101328,108508,41185,88142,3908,8718,48337,51955,18002,43832,3917,7808,52991,56553,23183,44310,1.9,4.1,25.1,26.8,10.2,21.8
"Ogdensburg-Massena, NY Micro Area",2963,5216,25840,12224,8548,8345,1718,2979,13873,6129,3829,4074,1245,2237,11967,6095,4719,4271,4.1,7.3,36,17.1,11.9,11.6
"Oil City, PA Micro Area",1173,2231,18195,5539,3446,4948,597,1231,8982,2776,1504,2270,576,1000,9213,2763,1942,2678,3.1,5.9,48,14.6,9.1,13.1
"Okeechobee, FL Micro Area",2259,3710,11428,5665,2199,3036,1468,2423,6135,2741,963,1497,791,1287,5293,2924,1236,1539,7.7,12.6,38.8,19.2,7.5,10.3
"Oklahoma City, OK Metro Area",36528,60352,244875,212180,72994,185173,19457,29639,121929,102711,31822,87986,17071,30713,122946,109469,41172,97187,4,6.6,26.8,23.2,8,20.2
"Olean, NY Micro Area",1850,3594,20642,9017,7126,5288,1039,1935,11045,4315,2831,2637,811,1659,9597,4702,4295,2651,3.5,6.8,39.2,17.1,13.5,10
"Olympia-Lacey-Tumwater, WA Metro Area",4050,8217,43782,50905,22098,44566,1847,4633,22005,22991,9866,21634,2203,3584,21777,27914,12232,22932,2,4.1,21.8,25.3,11,22.2
"Omaha-Council Bluffs, NE-IA Metro Area",21568,28048,145512,136704,57362,149293,11322,14425,73653,65739,27854,70917,10246,13623,71859,70965,29508,78376,3.5,4.5,23.6,22.1,9.3,24.2
"Oneonta, NY Micro Area",791,2154,12289,6633,4814,7231,523,1175,6434,3461,1915,3534,268,979,5855,3172,2899,3697,2,5.4,30.7,16.6,12,18.1
"Ontario, OR-ID Micro Area",2192,3662,11927,8992,3338,3876,1091,2261,6538,4887,1412,1604,1101,1401,5389,4105,1926,2272,6.1,10.3,33.4,25.2,9.4,10.9
"Opelousas, LA Micro Area",4586,7937,21062,8380,3586,5095,2647,3588,10000,3907,1309,2147,1939,4349,11062,4473,2277,2948,8.5,14.8,39.2,15.6,6.7,9.5
"Orangeburg, SC Micro Area",2286,5965,19019,11619,8639,6139,991,3260,9739,5198,3186,2524,1295,2705,9280,6421,5453,3615,3.9,10.1,32.2,19.7,14.6,10.4
"Orlando-Kissimmee-Sanford, FL Metro Area",67850,115226,446485,345671,202347,381755,33201,60160,225286,166502,86852,176968,34649,55066,221199,179169,115495,204787,3.9,6.5,25.3,19.6,11.5,21.7
"Oshkosh-Neenah, WI Metro Area",2214,5439,38053,23564,12828,23770,1190,3457,19666,11611,6580,10908,1024,1982,18387,11953,6248,12862,1.9,4.7,32.9,20.4,11.1,20.6
"Oskaloosa, IA Micro Area",395,834,6071,2810,1614,2246,127,467,3305,1401,698,912,268,367,2766,1409,916,1334,2.7,5.6,40.8,18.9,10.8,15.1
"Othello, WA Micro Area",2372,979,3415,1873,649,900,1264,616,1649,812,314,534,1108,363,1766,1061,335,366,22,9.1,31.7,17.4,6,8.4
"Ottawa, IL Micro Area",3004,7477,37465,25739,11075,13062,1589,4174,19890,12269,5151,5906,1415,3303,17575,13470,5924,7156,2.9,7.2,35.8,24.6,10.6,12.5
"Ottawa, KS Micro Area",430,888,6447,4404,1586,2218,256,399,3441,2170,659,1106,174,489,3006,2234,927,1112,2.5,5.2,37.4,25.6,9.2,12.9
"Ottumwa, IA Micro Area",1104,1810,8573,5064,2735,2964,617,1089,4352,2671,1147,1066,487,721,4221,2393,1588,1898,4.6,7.5,35.7,21.1,11.4,12.3
"Owatonna, MN Micro Area",494,1318,7860,5389,3022,4597,276,831,3953,2790,1372,2060,218,487,3907,2599,1650,2537,2,5.3,31.8,21.8,12.2,18.6
"Owensboro, KY Metro Area",2662,5441,27777,17667,8418,11054,1396,2731,14335,8532,3457,5468,1266,2710,13442,9135,4961,5586,3.3,6.8,34.6,22,10.5,13.8
"Oxford, MS Micro Area",733,1727,5921,5046,3012,7640,361,804,2992,2593,1355,3587,372,923,2929,2453,1657,4053,2.4,5.6,19.1,16.2,9.7,24.6
"Oxnard-Thousand Oaks-Ventura, CA Metro Area",49368,32893,111720,127089,57785,123510,24818,17229,56838,61997,25750,59105,24550,15664,54882,65092,32035,64405,8.6,5.7,19.5,22.2,10.1,21.6
"Ozark, AL Micro Area",1620,3303,10358,8736,3398,4208,764,1683,5109,4071,1417,2170,856,1620,5249,4665,1981,2038,4.8,9.9,30.9,26.1,10.1,12.6
"Paducah, KY-IL Micro Area",1928,4379,23311,15951,7769,9600,984,2016,12263,7345,2877,4298,944,2363,11048,8606,4892,5302,2.8,6.4,34.1,23.3,11.4,14
"Pahrump, NV Micro Area",1427,3433,12543,10171,3169,2643,854,1720,6481,4892,1472,1583,573,1713,6062,5279,1697,1060,4.1,9.8,35.7,29,9,7.5
"Palatka, FL Micro Area",2549,6646,22309,9843,4309,4765,1584,3180,11381,4126,1749,2322,965,3466,10928,5717,2560,2443,4.8,12.6,42.2,18.6,8.2,9
"Palestine, TX Micro Area",2387,5022,16520,10460,3154,3040,1612,3846,10477,6525,1761,1551,775,1176,6043,3935,1393,1489,5.6,11.9,39,24.7,7.5,7.2
"Palm Bay-Melbourne-Titusville, FL Metro Area",10012,24600,118273,97130,55965,85520,4896,11730,57073,46043,24878,41046,5116,12870,61200,51087,31087,44474,2.3,5.6,26.7,21.9,12.6,19.3
"Pampa, TX Micro Area",1355,1649,4885,3711,1237,1642,784,859,2721,2099,477,786,571,790,2164,1612,760,856,8.9,10.9,32.2,24.4,8.1,10.8
"Panama City, FL Metro Area",3547,8036,37710,32258,15001,20148,1662,4044,18503,15911,6822,9723,1885,3992,19207,16347,8179,10425,2.8,6.3,29.5,25.2,11.7,15.8
"Paragould, AR Micro Area",816,2521,13483,6473,1809,3541,416,1553,7250,2539,770,1306,400,968,6233,3934,1039,2235,2.7,8.3,44.4,21.3,6,11.7
"Paris, TN Micro Area",1273,1746,10849,4351,974,2572,715,814,5339,2020,380,1307,558,932,5510,2331,594,1265,5.5,7.5,46.5,18.7,4.2,11
"Paris, TX Micro Area",1491,3269,11443,8582,2989,4375,759,1467,5926,3878,1196,1858,732,1802,5517,4704,1793,2517,4.4,9.6,33.5,25.1,8.7,12.8
"Parkersburg-Vienna, WV Metro Area",1904,4282,22155,15371,7184,8544,880,2097,11298,7604,2831,3568,1024,2185,10857,7767,4353,4976,2.9,6.6,34.3,23.8,11.1,13.2
"Parsons, KS Micro Area",540,883,4170,3465,1679,1938,297,557,2169,1577,622,842,243,326,2001,1888,1057,1096,3.9,6.4,30.4,25.3,12.3,14.1
"Payson, AZ Micro Area",1295,3768,11390,12311,3342,4784,629,2026,6255,5696,1395,2358,666,1742,5135,6615,1947,2426,3.3,9.5,28.7,31,8.4,12
"Pearsall, TX Micro Area",2177,2214,4217,2077,804,528,1273,1697,2493,1173,481,297,904,517,1724,904,323,231,17.4,17.7,33.7,16.6,6.4,4.2
"Pecos, TX Micro Area",1515,1656,3754,1763,648,778,966,1244,2410,931,319,485,549,412,1344,832,329,293,14.5,15.9,36,16.9,6.2,7.5
"Pella, IA Micro Area",594,742,7163,4487,2261,4611,293,404,3797,2024,1023,2121,301,338,3366,2463,1238,2490,2.7,3.4,32.5,20.4,10.3,20.9
"Pensacola-Ferry Pass-Brent, FL Metro Area",7994,23372,91738,82052,42483,59020,4272,12680,45229,40657,17360,29071,3722,10692,46509,41395,25123,29949,2.3,6.9,27,24.1,12.5,17.3
"Peoria, IL Metro Area",6183,15317,85830,64708,28614,50358,2991,8410,43584,30900,11998,23153,3192,6907,42246,33808,16616,27205,2.2,5.5,30.8,23.2,10.3,18.1
"Peru, IN Micro Area",912,2535,10316,5538,2145,2278,474,1619,5950,3059,991,601,438,916,4366,2479,1154,1677,3.7,10.2,41.5,22.3,8.6,9.2
"Philadelphia-Camden-Wilmington, PA-NJ-DE-MD Metro Area",135562,238214,1207192,706082,304810,965425,66764,120144,583696,338119,123184,459822,68798,118070,623496,367963,181626,505603,3.2,5.6,28.6,16.7,7.2,22.8
"Phoenix-Mesa-Chandler, AZ Metro Area",169308,213904,754326,786701,287881,665334,87491,109174,373428,374596,134921,323754,81817,104730,380898,412105,152960,341580,5.2,6.6,23.1,24.1,8.8,20.4
"Picayune, MS Micro Area",1523,3582,12216,10549,4784,3793,817,2054,6119,4883,2161,1670,706,1528,6097,5666,2623,2123,4,9.4,31.9,27.6,12.5,9.9
"Pierre, SD Micro Area",215,428,4185,2888,1613,3495,133,175,1974,1423,867,1818,82,253,2211,1465,746,1677,1.5,3,29,20,11.2,24.2
"Pine Bluff, AR Metro Area",2484,5996,25946,13727,3664,6716,1442,3652,14574,6998,1404,2487,1042,2344,11372,6729,2260,4229,4,9.7,41.9,22.2,5.9,10.9
"Pinehurst-Southern Pines, NC Micro Area",2185,3303,15630,15025,7962,17332,1178,1951,7456,6451,3120,8106,1007,1352,8174,8574,4842,9226,3,4.6,21.7,20.9,11.1,24.1
"Pittsburg, KS Micro Area",472,1147,7287,5630,2065,4496,224,618,3719,2901,1066,2073,248,529,3568,2729,999,2423,2,4.9,31,23.9,8.8,19.1
"Pittsburgh, PA Metro Area",27641,69559,538807,275478,173891,368967,13407,34716,256657,132638,76566,184470,14234,34843,282150,142840,97325,184497,1.6,4.1,31.8,16.3,10.3,21.8
"Pittsfield, MA Metro Area",1907,4714,27669,17382,8295,17923,1161,2627,14495,7501,3690,8440,746,2087,13174,9881,4605,9483,2.1,5.1,29.8,18.8,8.9,19.3
"Plainview, TX Micro Area",2810,2349,6788,4019,1078,2301,1357,1262,3676,2220,473,1077,1453,1087,3112,1799,605,1224,13.7,11.4,33,19.5,5.2,11.2
"Platteville, WI Micro Area",1239,1343,11103,6375,4493,4630,648,832,6182,3298,2033,1867,591,511,4921,3077,2460,2763,3.9,4.2,34.7,19.9,14.1,14.5
"Plattsburgh, NY Micro Area",1853,4747,20050,9003,6072,7447,1266,2977,11312,4391,3004,3447,587,1770,8738,4612,3068,4000,3.4,8.6,36.3,16.3,11,13.5
"Plymouth, IN Micro Area",1695,2894,11882,5987,2378,3860,688,1710,6082,2929,1013,1828,1007,1184,5800,3058,1365,2032,5.5,9.4,38.4,19.3,7.7,12.5
"Pocatello, ID Metro Area",1751,3364,16728,16560,5896,10600,1028,1789,8905,7713,2849,4464,723,1575,7823,8847,3047,6136,2.9,5.6,27.9,27.6,9.8,17.7
"Point Pleasant, WV-OH Micro Area",2072,3458,16760,6666,4151,4262,1094,1641,8732,3378,1376,1729,978,1817,8028,3288,2775,2533,5.2,8.6,41.9,16.7,10.4,10.7
"Ponca City, OK Micro Area",807,2600,9459,7037,3793,4115,414,1342,5183,3178,1634,1796,393,1258,4276,3859,2159,2319,2.7,8.8,32.2,24,12.9,14
"Ponce, PR Metro Area",22647,13080,48939,14895,14604,30416,11122,7192,25537,7419,5641,11234,11525,5888,23402,7476,8963,19182,14.6,8.5,31.6,9.6,9.4,19.7
"Pontiac, IL Micro Area",749,1834,10635,5759,2100,2817,449,1178,5616,2729,972,1231,300,656,5019,3030,1128,1586,3,7.3,42.1,22.8,8.3,11.1
"Poplar Bluff, MO Micro Area",1768,4655,15259,9467,2848,3036,961,2426,7962,4273,923,1073,807,2229,7297,5194,1925,1963,4.6,12,39.3,24.4,7.3,7.8
"Portales, NM Micro Area",829,1236,3459,2425,544,1603,439,709,1975,1046,181,580,390,527,1484,1379,363,1023,7.6,11.4,31.8,22.3,5,14.7
"Port Angeles, WA Micro Area",934,3714,15335,15693,6223,10313,530,2008,7615,7453,2773,4778,404,1706,7720,8240,3450,5535,1.6,6.3,26,26.7,10.6,17.5
"Portland-South Portland, ME Metro Area",7033,14070,99508,73063,37809,99859,3657,7607,51136,36018,17087,45722,3376,6463,48372,37045,20722,54137,1.8,3.6,25.3,18.6,9.6,25.4
"Portland-Vancouver-Hillsboro, OR-WA Metro Area",54600,76670,349419,404691,156283,439599,26003,42774,175247,192953,73753,216279,28597,33896,174172,211738,82530,223320,3.1,4.4,20,23.2,8.9,25.2
"Port Lavaca, TX Micro Area",1386,1350,4432,3410,1246,1597,782,761,2431,1448,659,839,604,589,2001,1962,587,758,9.7,9.4,30.9,23.8,8.7,11.1
"Port St. Lucie, FL Metro Area",15794,24674,107131,80730,35871,61288,7892,12341,52552,38955,14577,28657,7902,12333,54579,41775,21294,32631,4.4,6.9,29.9,22.5,10,17.1
"Portsmouth, OH Micro Area",1962,5597,22358,10286,4264,4769,1088,2830,11517,5120,1378,2036,874,2767,10841,5166,2886,2733,3.7,10.6,42.4,19.5,8.1,9.1
"Pottsville, PA Micro Area",2884,8141,47670,16393,11225,12030,1730,4426,25973,7993,4547,5813,1154,3715,21697,8400,6678,6217,2.8,7.8,45.9,15.8,10.8,11.6
"Poughkeepsie-Newburgh-Middletown, NY Metro Area",15428,27679,124396,85365,47825,83399,7883,15409,64939,43401,21014,39601,7545,12270,59457,41964,26811,43798,3.4,6.1,27.6,18.9,10.6,18.5
"Prescott Valley-Prescott, AZ Metro Area",3942,10706,46987,53584,17109,26947,2190,5831,22659,24791,7966,12621,1752,4875,24328,28793,9143,14326,2.2,6,26.2,29.8,9.5,15
"Price, UT Micro Area",246,794,3897,3940,2162,1471,161,337,2174,1835,775,784,85,457,1723,2105,1387,687,1.9,6,29.4,29.7,16.3,11.1
"Prineville, OR Micro Area",269,1635,5780,5166,1575,2382,208,950,2986,2333,883,1017,61,685,2794,2833,692,1365,1.5,9.2,32.5,29.1,8.9,13.4
"Providence-Warwick, RI-MA Metro Area",63408,71696,327153,202138,97744,230159,30409,37255,165899,92918,41419,107967,32999,34441,161254,109220,56325,122192,5.6,6.3,28.8,17.8,8.6,20.2
"Provo-Orem, UT Metro Area",5560,9933,54391,84681,33355,89074,2606,5328,25825,39930,14425,43300,2954,4605,28566,44751,18930,45774,1.8,3.1,17.2,26.7,10.5,28.1
"Pueblo, CO Metro Area",3587,7552,34160,30127,13359,17369,1502,3823,17436,15522,5543,8041,2085,3729,16724,14605,7816,9328,3.1,6.6,29.7,26.2,11.6,15.1
"Pullman, WA Micro Area",360,748,3946,5222,2632,6206,158,388,2138,2515,1456,2944,202,360,1808,2707,1176,3262,1.4,3,15.8,20.9,10.6,24.9
"Punta Gorda, FL Metro Area",4216,9928,51546,37964,13730,23167,2418,5124,25326,16737,5317,11955,1798,4804,26220,21227,8413,11212,2.7,6.4,33.4,24.6,8.9,15
"Quincy, IL-MO Micro Area",1153,3255,18657,12209,4558,8132,630,1819,9610,5791,1697,3930,523,1436,9047,6418,2861,4202,2.2,6.2,35.7,23.3,8.7,15.5
"Racine, WI Metro Area",3688,8274,42216,30869,14484,22829,2159,4994,21082,14837,5938,10330,1529,3280,21134,16032,8546,12499,2.8,6.2,31.5,23,10.8,17
"Raleigh-Cary, NC Metro Area",30491,39833,159635,164809,82370,275175,16857,20619,80096,77057,34844,130755,13634,19214,79539,87752,47526,144420,3.3,4.4,17.5,18,9,30.1
"Rapid City, SD Metro Area",1759,4125,28029,22088,10597,19311,844,2061,14856,11307,4888,8757,915,2064,13173,10781,5709,10554,1.8,4.3,29.2,23,11,20.1
"Raymondville, TX Micro Area",2290,1760,5030,2419,787,868,967,1160,3134,1357,236,419,1323,600,1896,1062,551,449,16.9,13,37.2,17.9,5.8,6.4
"Reading, PA Metro Area",14716,21772,103554,46215,25149,46858,7095,11407,53358,22114,10939,22176,7621,10365,50196,24101,14210,24682,5.2,7.6,36.3,16.2,8.8,16.4
"Red Bluff, CA Micro Area",2983,3258,12626,13156,4454,5566,1696,1804,6847,5749,1948,2760,1287,1454,5779,7407,2506,2806,6.8,7.4,28.6,29.8,10.1,12.6
"Redding, CA Metro Area",2950,8302,32500,40644,14473,18808,1640,4640,17291,18524,6279,8638,1310,3662,15209,22120,8194,10170,2.3,6.5,25.6,32,11.4,14.8
"Red Wing, MN Micro Area",537,1805,10588,7111,4261,5675,304,996,5770,3481,1716,2561,233,809,4818,3630,2545,3114,1.6,5.5,32.2,21.6,12.9,17.2
"Reno, NV Metro Area",14581,21474,77178,81290,27977,64018,7360,11228,40585,40157,12806,31492,7221,10246,36593,41133,15171,32526,4.5,6.6,23.7,25,8.6,19.7
"Rexburg, ID Micro Area",583,1170,4966,6933,3534,5864,293,652,2812,3169,1793,2778,290,518,2154,3764,1741,3086,2.3,4.6,19.6,27.4,13.9,23.1
"Richmond, IN Micro Area",1972,3574,16554,9971,4360,5462,1017,1769,8128,4782,1679,2376,955,1805,8426,5189,2681,3086,4.3,7.9,36.4,21.9,9.6,12
"Richmond, VA Metro Area",30010,52790,220971,180595,68208,208082,15892,27466,110328,83379,27310,96351,14118,25324,110643,97216,40898,111731,3.4,5.9,24.8,20.3,7.7,23.3
"Richmond-Berea, KY Micro Area",3993,5458,19421,12516,6074,11576,1998,2543,10449,6129,2411,5511,1995,2915,8972,6387,3663,6065,6,8.2,29.1,18.7,9.1,17.3
"Rio Grande City-Roma, TX Micro Area",9661,5458,9456,5893,1298,2729,4452,2592,4900,2960,642,1004,5209,2866,4556,2933,656,1725,27.1,15.3,26.5,16.5,3.6,7.7
"Riverside-San Bernardino-Ontario, CA Metro Area",259271,278504,784723,721945,250261,427446,124189,147988,397610,352009,112432,206027,135082,130516,387113,369936,137829,221419,8.8,9.4,26.5,24.4,8.5,14.5
"Riverton, WY Micro Area",414,1773,8049,6809,3001,4038,254,1041,4168,3172,1295,1834,160,732,3881,3637,1706,2204,1.6,6.7,30.2,25.5,11.3,15.1
"Roanoke, VA Metro Area",7401,14017,71880,44236,23294,40015,3716,7604,36508,20255,9263,18370,3685,6413,35372,23981,14031,21645,3.3,6.2,32,19.7,10.4,17.8
"Roanoke Rapids, NC Micro Area",3321,7038,19271,9539,4305,5105,1722,3912,9686,4256,1623,1932,1599,3126,9585,5283,2682,3173,6.5,13.8,37.8,18.7,8.4,10
"Rochelle, IL Micro Area",1310,2091,12073,8268,4026,5032,703,1098,6183,4038,1797,2425,607,993,5890,4230,2229,2607,3.7,5.9,34,23.3,11.3,14.2
"Rochester, MN Metro Area",3958,4924,34385,27369,18739,35905,1813,2798,18921,12794,7847,16966,2145,2126,15464,14575,10892,18939,2.6,3.3,23,18.3,12.5,24
"Rochester, NY Metro Area",23276,45037,191596,129827,90081,146701,11326,23130,94402,64284,38044,71911,11950,21907,97194,65543,52037,74790,3.1,6,25.7,17.4,12.1,19.7
"Rockford, IL Metro Area",9666,18602,70976,55211,21279,33870,5079,9821,34572,26423,9322,15896,4587,8781,36404,28788,11957,17974,4.2,8.1,31,24.1,9.3,14.8
"Rockingham, NC Micro Area",2069,3162,9300,7105,3498,3519,1309,1705,4880,2863,1377,1537,760,1457,4420,4242,2121,1982,6.8,10.3,30.4,23.2,11.4,11.5
"Rockport, TX Micro Area",849,1447,5185,4675,1529,2802,474,669,2577,2342,740,1023,375,778,2608,2333,789,1779,4.8,8.1,29.1,26.2,8.6,15.7
"Rock Springs, WY Micro Area",553,1545,9115,7233,3801,3877,331,863,5246,3728,1652,1644,222,682,3869,3505,2149,2233,2,5.5,32.3,25.6,13.5,13.7
"Rocky Mount, NC Metro Area",5415,9656,35936,20119,10803,13784,3232,5066,17510,8659,4694,5251,2183,4590,18426,11460,6109,8533,5.3,9.5,35.4,19.8,10.6,13.6
"Rolla, MO Micro Area",900,1954,8414,5754,2491,4590,555,1082,3909,2616,1043,2170,345,872,4505,3138,1448,2420,3.2,7,30.2,20.7,8.9,16.5
"Rome, GA Metro Area",4198,6474,21804,13563,5338,7906,2208,3291,10653,6049,2167,3903,1990,3183,11151,7514,3171,4003,6.4,9.9,33.4,20.8,8.2,12.1
"Roseburg, OR Micro Area",1903,5802,26483,23657,8528,9794,1135,2888,13039,10966,3994,4652,768,2914,13444,12691,4534,5142,2.3,7.1,32.5,29.1,10.5,12
"Roswell, NM Micro Area",4529,4017,11013,10721,3816,4922,2459,2078,5893,5097,1132,2398,2070,1939,5120,5624,2684,2524,10.9,9.7,26.6,25.9,9.2,11.9
"Ruidoso, NM Micro Area",392,1058,4909,3747,1039,2460,284,612,2320,1992,337,983,108,446,2589,1755,702,1477,2.6,7.1,33,25.2,7,16.5
"Russellville, AR Micro Area",3539,5828,19635,11110,3426,8067,1774,3088,9937,5307,1505,3728,1765,2740,9698,5803,1921,4339,6.4,10.5,35.3,20,6.2,14.5
"Ruston, LA Micro Area",891,1997,7143,5094,1566,5380,523,1022,3922,2365,612,2191,368,975,3221,2729,954,3189,3.5,7.8,27.7,19.8,6.1,20.9
"Rutland, VT Micro Area",868,1815,14352,7739,4190,8576,528,1159,7907,3551,1765,3711,340,656,6445,4188,2425,4865,2,4.2,33.6,18.1,9.8,20.1
"Sacramento-Roseville-Folsom, CA Metro Area",82388,81420,331176,389353,158072,349202,38871,43752,167535,185105,68884,164797,43517,37668,163641,204248,89188,184405,5.2,5.1,20.9,24.5,10,22
"Safford, AZ Micro Area",883,2659,7298,6927,2736,2422,596,1672,4225,3471,1297,1264,287,987,3073,3456,1439,1158,3.7,11,30.3,28.8,11.4,10.1
"Saginaw, MI Metro Area",3391,9464,43206,32500,14307,19176,1804,5499,21901,14065,5784,9030,1587,3965,21305,18435,8523,10146,2.6,7.2,32.7,24.6,10.8,14.5
"St. Cloud, MN Metro Area",4690,5691,35878,28688,17316,23339,2111,3405,19640,14177,8343,10941,2579,2286,16238,14511,8973,12398,3.7,4.5,28.5,22.8,13.7,18.5
"St. George, UT Metro Area",2457,4451,25232,31930,15324,20939,1232,2459,11576,15436,6233,9920,1225,1992,13656,16494,9091,11019,2.2,4,22.5,28.5,13.7,18.7
"St. Joseph, MO-KS Metro Area",2939,6068,32337,20069,5644,12699,1528,3664,18033,9356,2252,6126,1411,2404,14304,10713,3392,6573,3.4,7.1,37.7,23.4,6.6,14.8
"St. Louis, MO-IL Metro Area",41095,104943,503254,433151,177442,410379,19016,52943,246597,200869,79524,196435,22079,52000,256657,232282,97918,213944,2.1,5.4,25.8,22.2,9.1,21
"St. Marys, GA Micro Area",693,2154,11045,9920,2993,4960,308,1249,5352,5289,1237,2255,385,905,5693,4631,1756,2705,2,6.2,31.9,28.7,8.7,14.3
"St. Marys, PA Micro Area",464,1084,10802,2948,2597,2871,240,625,5434,1560,1321,1403,224,459,5368,1388,1276,1468,2.1,4.9,48.8,13.3,11.7,13
"Salem, OH Micro Area",2060,5886,33081,14605,7533,7041,1041,3191,17823,7391,2662,3212,1019,2695,15258,7214,4871,3829,2.8,8,44.8,19.8,10.2,9.5
"Salem, OR Metro Area",18315,19895,71995,73854,26428,45915,10054,11824,36725,33615,11180,21231,8261,8071,35270,40239,15248,24684,6.5,7.1,25.5,26.2,9.4,16.3
"Salina, KS Micro Area",883,2286,12344,11091,3381,7362,425,1214,6575,5304,1378,3263,458,1072,5769,5787,2003,4099,2.2,5.6,30.1,27,8.2,17.9
"Salinas, CA Metro Area",50999,23662,55464,50597,23230,43698,26566,14525,28933,25251,10916,20069,24433,9137,26531,25346,12314,23629,18.4,8.6,20.1,18.3,8.4,15.8
"Salisbury, MD-DE Metro Area",10726,22249,93493,59250,25857,49277,5788,12099,47453,27921,8701,23538,4938,10150,46040,31329,17156,25739,3.6,7.5,31.7,20.1,8.8,16.7
"Salt Lake City, UT Metro Area",23565,41294,175462,180895,71412,176201,12159,22910,84114,89297,32557,86305,11406,18384,91348,91598,38855,89896,3.1,5.4,22.9,23.6,9.3,23
"San Angelo, TX Metro Area",4203,6322,22940,19498,5678,12982,2043,3730,11415,9213,2541,6003,2160,2592,11525,10285,3137,6979,5.4,8.1,29.4,25,7.3,16.6
"San Antonio-New Braunfels, TX Metro Area",107121,128773,425190,369154,131349,298028,51904,66556,212502,176657,61954,138110,55217,62217,212688,192497,69395,159918,6.6,7.9,26.1,22.6,8.1,18.3
"San Diego-Chula Vista-Carlsbad, CA Metro Area",143841,126928,412620,498792,189078,547105,63985,63272,210230,250271,89863,268048,79856,63656,202390,248521,99215,279057,6.4,5.6,18.2,22,8.3,24.2
"Sandpoint, ID Micro Area",835,1992,9777,8630,3193,5859,382,932,5040,4033,1460,3066,453,1060,4737,4597,1733,2793,2.5,6,29.4,25.9,9.6,17.6
"Sandusky, OH Micro Area",906,3249,18825,11687,5492,8482,431,1829,9308,5982,1976,3929,475,1420,9517,5705,3516,4553,1.7,6.1,35.2,21.9,10.3,15.9
"Sanford, NC Micro Area",2443,3721,11437,10133,5182,5934,1422,2250,5778,4472,2194,2531,1021,1471,5659,5661,2988,3403,5.9,9,27.6,24.5,12.5,14.3
"San Francisco-Oakland-Berkeley, CA Metro Area",196540,160824,520480,579386,228458,1017846,89256,83524,264382,288143,100540,488705,107284,77300,256098,291243,127918,529141,5.8,4.7,15.2,17,6.7,29.8
"San Germán, PR Metro Area",16531,9391,25561,8707,8736,15242,8338,4635,13083,4091,3461,5477,8193,4756,12478,4616,5275,9765,18.6,10.6,28.7,9.8,9.8,17.1
"San Jose-Sunnyvale-Santa Clara, CA Metro Area",92610,65571,198096,205358,94055,380160,41997,33603,98481,99162,41843,187522,50613,31968,99615,106196,52212,192638,6.7,4.7,14.3,14.9,6.8,27.5
"San Juan-Bayamón-Caguas, PR Metro Area",192842,107319,393449,194339,164862,297821,93323,58867,198793,93408,67423,113583,99519,48452,194656,100931,97439,184238,13,7.3,26.6,13.1,11.1,20.1
"San Luis Obispo-Paso Robles, CA Metro Area",6564,8918,37867,48164,19894,42392,3498,5238,19441,24468,9192,20610,3066,3680,18426,23696,10702,21782,3.5,4.7,19.9,25.4,10.5,22.3
"Santa Cruz-Watsonville, CA Metro Area",14737,6394,28141,40390,15258,43990,7200,3391,15557,20453,6744,20300,7537,3003,12584,19937,8514,23690,8.2,3.5,15.6,22.4,8.5,24.4
"Santa Fe, NM Metro Area",5195,6267,25794,21169,8127,23086,2989,3163,13035,9554,3348,11010,2206,3104,12759,11615,4779,12076,4.6,5.6,23,18.9,7.2,20.6
"Santa Isabel, PR Micro Area",1739,797,5877,1400,1232,2704,777,465,3317,583,450,925,962,332,2560,817,782,1779,11.8,5.4,40,9.5,8.4,18.4
"Santa Maria-Santa Barbara, CA Metro Area",32394,17752,46722,59648,23042,57549,17273,9725,23575,28393,10778,26971,15121,8027,23147,31255,12264,30578,11.7,6.4,16.9,21.6,8.3,20.8
"Santa Rosa-Petaluma, CA Metro Area",20823,18216,65471,89481,34294,82070,10997,9703,33572,43550,14447,38637,9826,8513,31899,45931,19847,43433,5.8,5.1,18.2,24.9,9.5,22.9
"Sault Ste. Marie, MI Micro Area",488,1564,8677,7206,2294,3934,340,826,5485,4068,856,1828,148,738,3192,3138,1438,2106,1.9,6,33.2,27.6,8.8,15
"Savannah, GA Metro Area",7546,17957,68925,61036,20521,52751,4319,9782,34942,28168,7775,24709,3227,8175,33983,32868,12746,28042,2.9,6.9,26.4,23.4,7.9,20.2
"Sayre, PA Micro Area",1151,3244,20288,6555,3737,5056,644,1830,10597,2843,1731,2217,507,1414,9691,3712,2006,2839,2.7,7.5,47.2,15.2,8.7,11.8
"Scottsbluff, NE Micro Area",1195,1589,7384,6764,2548,4145,595,939,3764,3087,1115,1563,600,650,3620,3677,1433,2582,4.7,6.3,29.1,26.6,10,16.3
"Scottsboro, AL Micro Area",1928,4208,14501,7152,3295,3942,1000,2113,7286,3530,1245,1647,928,2095,7215,3622,2050,2295,5.2,11.3,39.1,19.3,8.9,10.6
"Scottsburg, IN Micro Area",1000,2176,6955,3082,1112,1300,424,1118,3701,1389,407,592,576,1058,3254,1693,705,708,6.1,13.2,42.1,18.7,6.7,7.9
"Scranton--Wilkes-Barre, PA Metro Area",11593,24810,151583,67053,40204,62269,6069,13128,73915,33176,18603,29287,5524,11682,77668,33877,21601,32982,2.9,6.3,38.3,17,10.2,15.7
"Searcy, AR Micro Area",2340,4940,20699,8594,4011,6262,1307,2484,10300,3958,1729,2822,1033,2456,10399,4636,2282,3440,4.6,9.6,40.4,16.8,7.8,12.2
"Seattle-Tacoma-Bellevue, WA Metro Area",83231,112982,530211,572526,259709,739322,38607,61149,274313,282293,118496,364804,44624,51833,255898,290233,141213,374518,3,4.1,19.2,20.7,9.4,26.8
"Sebastian-Vero Beach, FL Metro Area",4223,7803,34964,25400,11844,22461,2112,4118,16150,12388,5114,9488,2111,3685,18814,13012,6730,12973,3.5,6.4,28.8,20.9,9.8,18.5
"Sebring-Avon Park, FL Metro Area",4366,7408,29874,17492,7127,9244,2409,4077,14858,7807,2669,4016,1957,3331,15016,9685,4458,5228,5.4,9.2,37.2,21.8,8.9,11.5
"Sedalia, MO Micro Area",1307,2187,9919,6547,2974,3186,696,1270,4859,3390,1307,1312,611,917,5060,3157,1667,1874,4.6,7.8,35.3,23.3,10.6,11.3
"Selinsgrove, PA Micro Area",1470,2134,12092,3366,2324,3576,750,1143,6220,1619,1048,1674,720,991,5872,1747,1276,1902,5.4,7.9,44.6,12.4,8.6,13.2
"Selma, AL Micro Area",1042,3069,9277,4957,3003,2634,568,1298,4667,1909,1291,864,474,1771,4610,3048,1712,1770,4.1,12,36.2,19.4,11.7,10.3
"Seneca, SC Micro Area",2674,5450,16379,11242,5648,9387,1579,2608,7443,5453,2677,4674,1095,2842,8936,5789,2971,4713,4.7,9.6,28.7,19.7,9.9,16.5
"Seneca Falls, NY Micro Area",1237,2486,8473,4013,3205,2960,718,1920,4956,1874,1103,1361,519,566,3517,2139,2102,1599,5,10.1,34.3,16.3,13,12
"Sevierville, TN Micro Area",3148,6360,25748,16697,5446,8684,1530,3274,13179,8069,1976,3924,1618,3086,12569,8628,3470,4760,4.5,9.1,36.7,23.8,7.8,12.4
"Seymour, IN Micro Area",999,2365,12175,6639,2495,3615,421,986,6270,2709,1280,2073,578,1379,5905,3930,1215,1542,3.3,7.9,40.5,22.1,8.3,12
"Shawano, WI Micro Area",654,1900,13926,6090,4018,3505,376,1142,7519,2622,1754,1590,278,758,6407,3468,2264,1915,2.1,6,43.8,19.2,12.6,11
"Shawnee, OK Micro Area",1097,4422,17132,12125,4142,6039,534,2348,8156,5660,1686,2642,563,2074,8976,6465,2456,3397,2.3,9.2,35.5,25.1,8.6,12.5
"Sheboygan, WI Metro Area",1752,3307,28171,17117,9123,14376,831,2025,14390,8216,4511,6810,921,1282,13781,8901,4612,7566,2.2,4.1,35.2,21.4,11.4,18
"Shelby, NC Micro Area",2869,6710,23078,14265,7314,8271,1570,3479,11738,6519,2888,3469,1299,3231,11340,7746,4426,4802,4.3,10,34.3,21.2,10.9,12.3
"Shelbyville, TN Micro Area",1891,3482,13252,6455,1562,3947,1036,1845,6809,2628,725,1758,855,1637,6443,3827,837,2189,5.8,10.7,40.7,19.8,4.8,12.1
"Shelton, WA Micro Area",1689,3288,15023,13474,5782,6123,1037,2181,7808,6704,2604,3022,652,1107,7215,6770,3178,3101,3.5,6.9,31.3,28.1,12.1,12.8
"Sheridan, WY Micro Area",261,713,5976,6061,1917,3618,169,344,3058,2710,811,1938,92,369,2918,3351,1106,1680,1.2,3.3,27.8,28.2,8.9,16.8
"Sherman-Denison, TX Metro Area",3348,5985,27015,25344,9881,12687,1908,2602,12895,12447,4451,5845,1440,3383,14120,12897,5430,6842,3.7,6.6,30,28.1,11,14.1
"Show Low, AZ Micro Area",4133,7487,21002,21354,6354,6898,2130,4115,11562,9428,2842,3055,2003,3372,9440,11926,3512,3843,5.7,10.4,29.2,29.7,8.8,9.6
"Shreveport-Bossier City, LA Metro Area",9483,23843,83236,66063,20755,39304,4832,11623,42575,29677,8858,16973,4651,12220,40661,36386,11897,22331,3.5,8.9,31.1,24.7,7.8,14.7
"Sidney, OH Micro Area",856,2532,13393,5896,3578,3994,541,1362,6859,3035,1402,1961,315,1170,6534,2861,2176,2033,2.6,7.8,41.2,18.1,11,12.3
"Sierra Vista-Douglas, AZ Metro Area",4188,5821,21183,24538,10060,13890,2072,3150,10146,12621,4374,7295,2116,2671,11037,11917,5686,6595,4.7,6.6,24,27.8,11.4,15.7
"Sikeston, MO Micro Area",1476,2499,9971,5419,1631,3184,649,1088,5068,2730,722,1185,827,1411,4903,2689,909,1999,5.6,9.5,38.1,20.7,6.2,12.2
"Silver City, NM Micro Area",981,1531,5655,4991,1686,3100,481,602,3103,2657,599,1437,500,929,2552,2334,1087,1663,4.9,7.7,28.3,25,8.4,15.5
"Sioux City, IA-NE-SD Metro Area",6111,5997,29473,19760,10106,14563,2910,3483,15602,9784,4407,6453,3201,2514,13871,9976,5699,8110,6.6,6.5,31.7,21.3,10.9,15.7
"Sioux Falls, SD Metro Area",4646,6644,46000,35265,22308,40579,2632,3677,24304,17583,10618,19505,2014,2967,21696,17682,11690,21074,2.7,3.8,26.5,20.3,12.8,23.4
"Snyder, TX Micro Area",1013,1205,3700,2740,747,1290,535,819,2260,1505,341,383,478,386,1440,1235,406,907,9,10.7,33,24.4,6.7,11.5
"Somerset, KY Micro Area",3432,4170,15302,10493,4613,4355,1940,2278,7537,4769,1919,2106,1492,1892,7765,5724,2694,2249,7.5,9.1,33.5,23,10.1,9.5
"Somerset, PA Micro Area",2249,3933,26970,7710,5217,6052,1240,2199,15133,3803,1957,3128,1009,1734,11837,3907,3260,2924,4.1,7.1,48.7,13.9,9.4,10.9
"Sonora, CA Micro Area",696,3033,10643,13399,4394,6019,490,2136,5539,6690,2077,2836,206,897,5104,6709,2317,3183,1.7,7.3,25.7,32.4,10.6,14.5
"South Bend-Mishawaka, IN-MI Metro Area",5777,16613,65127,44368,19685,37757,3180,8671,32694,21402,8009,17227,2597,7942,32433,22966,11676,20530,2.7,7.8,30.4,20.7,9.2,17.6
"Spartanburg, SC Metro Area",9432,17938,65175,44817,22439,33056,5133,9392,32987,20337,9448,15819,4299,8546,32188,24480,12991,17237,4.4,8.4,30.7,21.1,10.6,15.5
"Spearfish, SD Micro Area",233,846,4759,4351,1528,4288,103,393,2504,2162,575,2055,130,453,2255,2189,953,2233,1.3,4.7,26.4,24.2,8.5,23.8
"Spencer, IA Micro Area",104,503,3678,2861,1399,1896,77,332,1833,1391,567,859,27,171,1845,1470,832,1037,0.9,4.5,32.8,25.5,12.5,16.9
"Spirit Lake, IA Micro Area",179,346,3381,2987,1812,3061,50,218,1882,1175,952,1386,129,128,1499,1812,860,1675,1.4,2.7,26.3,23.3,14.1,23.8
"Spokane-Spokane Valley, WA Metro Area",6923,16594,91798,102095,49234,75206,3655,9146,48045,48778,22219,35520,3268,7448,43753,53317,27015,39686,1.8,4.3,23.9,26.5,12.8,19.6
"Springfield, IL Metro Area",2563,8072,40612,32765,12451,29951,1362,4266,19248,14845,5574,13710,1201,3806,21364,17920,6877,16241,1.8,5.6,28,22.6,8.6,20.6
"Springfield, MA Metro Area",19903,33792,133315,83293,44923,88676,9547,17411,69429,38784,18421,40008,10356,16381,63886,44509,26502,48668,4.2,7.2,28.2,17.6,9.5,18.8
"Springfield, MO Metro Area",8304,17547,93327,75390,24774,56025,4551,9022,47563,35486,10557,26453,3753,8525,45764,39904,14217,29572,2.7,5.7,30.3,24.5,8.1,18.2
"Springfield, OH Metro Area",2217,7973,35032,20811,8606,10756,983,3821,17866,9618,3327,4920,1234,4152,17166,11193,5279,5836,2.4,8.7,38.1,22.6,9.3,11.7
"Starkville, MS Micro Area",1017,2254,8197,5669,3053,6159,474,1359,3802,2933,1248,2631,543,895,4395,2736,1805,3528,3.1,6.9,25.3,17.5,9.4,19
"State College, PA Metro Area",1930,3566,27967,12623,8021,23529,1148,2191,14818,7062,3567,11456,782,1375,13149,5561,4454,12073,1.9,3.6,28,12.7,8,23.6
"Statesboro, GA Micro Area",1060,4118,12528,10197,3793,6865,622,2368,6196,4479,1744,3465,438,1750,6332,5718,2049,3400,2.4,9.4,28.6,23.3,8.7,15.7
"Staunton, VA Metro Area",3505,6659,32817,17144,6537,13737,1842,3734,16955,8110,2401,6332,1663,2925,15862,9034,4136,7405,3.9,7.5,36.8,19.2,7.3,15.4
"Steamboat Springs, CO Micro Area",432,426,3276,3844,1570,5999,198,133,1891,2456,724,2913,234,293,1385,1388,846,3086,2.3,2.3,17.4,20.4,8.3,31.8
"Stephenville, TX Micro Area",1445,1697,6367,5220,1729,5459,779,1001,2937,2637,694,2808,666,696,3430,2583,1035,2651,5.9,6.9,25.9,21.3,7,22.2
"Sterling, CO Micro Area",440,1069,5767,3540,1781,2131,189,690,3678,1843,907,1013,251,379,2089,1697,874,1118,2.8,6.7,36.3,22.3,11.2,13.4
"Sterling, IL Micro Area",1191,2192,14707,9606,4018,4736,693,1164,7631,4528,1714,2094,498,1028,7076,5078,2304,2642,3,5.6,37.6,24.6,10.3,12.1
"Stevens Point, WI Micro Area",922,1788,14623,8023,5130,10697,563,1081,7940,3905,2203,4997,359,707,6683,4118,2927,5700,2,3.9,31.9,17.5,11.2,23.4
"Stillwater, OK Micro Area",1012,2528,12113,8550,3353,9625,422,1371,6625,4332,1852,4016,590,1157,5488,4218,1501,5609,2.3,5.7,27.3,19.3,7.6,21.7
"Stockton, CA Metro Area",51619,42948,135093,109921,44771,61634,26443,22959,70079,52366,19885,27794,25176,19989,65014,57555,24886,33840,10.9,9,28.4,23.1,9.4,13
"Storm Lake, IA Micro Area",1559,1202,3752,2145,1216,1798,746,735,1826,1014,623,867,813,467,1926,1131,593,931,12.5,9.6,30.1,17.2,9.8,14.4
"Sturgis, MI Micro Area",2604,2908,14799,9631,4419,4139,1366,1487,7727,4836,1448,2071,1238,1421,7072,4795,2971,2068,6.4,7.1,36.2,23.5,10.8,10.1
"Sulphur Springs, TX Micro Area",1556,2178,8468,5446,1769,3708,911,1141,4173,2724,791,1407,645,1037,4295,2722,978,2301,6.3,8.8,34.3,22.1,7.2,15
"Summerville, GA Micro Area",1847,2899,6570,3058,1093,1039,1053,1932,3381,1261,299,553,794,967,3189,1797,794,486,10.8,16.9,38.3,17.8,6.4,6.1
"Sumter, SC Metro Area",4243,9709,30985,21633,9572,11378,2190,5267,15848,9174,4473,4297,2053,4442,15137,12459,5099,7081,4.5,10.3,32.7,22.9,10.1,12
"Sunbury, PA Micro Area",1882,5367,32946,9231,5380,8262,999,2844,17146,4887,2304,3372,883,2523,15800,4344,3076,4890,2.8,8,49.4,13.8,8.1,12.4
"Susanville, CA Micro Area",1217,3132,7127,6194,1830,2033,1031,2836,5159,3644,864,1014,186,296,1968,2550,966,1019,5.5,14,31.9,27.7,8.2,9.1
"Sweetwater, TX Micro Area",661,998,3298,2287,864,1024,274,555,1830,946,370,502,387,443,1468,1341,494,522,6.9,10.5,34.5,24,9.1,10.7
"Syracuse, NY Metro Area",11981,28005,127055,77923,56283,79741,6083,14427,64102,36744,24622,39608,5898,13578,62953,41179,31661,40133,2.7,6.3,28.6,17.5,12.7,17.9
"Tahlequah, OK Micro Area",1172,2683,9668,7095,1773,5350,704,1393,5026,3263,758,2396,468,1290,4642,3832,1015,2954,3.8,8.7,31.3,23,5.7,17.3
"Talladega-Sylacauga, AL Micro Area",2792,7419,18777,13712,4854,4948,1563,3909,9562,6299,1864,2242,1229,3510,9215,7413,2990,2706,5,13.2,33.5,24.4,8.6,8.8
"Tallahassee, FL Metro Area",6363,15977,57181,46996,20954,54580,3370,9135,29160,22279,8775,23844,2993,6842,28021,24717,12179,30736,2.6,6.6,23.7,19.4,8.7,22.6
"Tampa-St. Petersburg-Clearwater, FL Metro Area",84380,145688,656264,460758,225039,459269,42713,75324,311865,218488,96911,220958,41667,70364,344399,242270,128128,238311,3.7,6.4,28.7,20.2,9.9,20.1
"Taos, NM Micro Area",679,1522,6206,6151,2193,4656,396,787,3317,2660,682,2551,283,735,2889,3491,1511,2105,2.7,6.2,25.1,24.9,8.9,18.8
"Taylorville, IL Micro Area",690,2100,9454,4818,2401,3023,390,1332,4693,2587,1108,1310,300,768,4761,2231,1293,1713,2.9,8.9,39.9,20.3,10.1,12.7
"Terre Haute, IN Metro Area",3564,9904,45999,27754,12778,15543,2063,4862,24788,13417,6064,6973,1501,5042,21211,14337,6714,8570,2.8,7.9,36.7,22.1,10.2,12.4
"Texarkana, TX-AR Metro Area",3633,8186,35585,26624,7426,13246,2450,4014,19017,12047,2844,6111,1183,4172,16568,14577,4582,7135,3.6,8,34.9,26.1,7.3,13
"The Dalles, OR Micro Area",924,1352,5244,5230,1891,2332,498,772,2414,2633,834,1148,426,580,2830,2597,1057,1184,5,7.3,28.5,28.4,10.3,12.7
"The Villages, FL Metro Area",2283,6797,35584,23961,10706,21088,1433,3960,16557,10736,5608,11735,850,2837,19027,13225,5098,9353,2,5.8,30.5,20.5,9.2,18.1
"Thomaston, GA Micro Area",1067,2109,6835,4104,1751,1591,609,1022,3538,1778,703,652,458,1087,3297,2326,1048,939,5.8,11.5,37.2,22.3,9.5,8.7
"Thomasville, GA Micro Area",1264,2979,9447,6376,3056,4301,578,1745,4300,2949,1053,1987,686,1234,5147,3427,2003,2314,4.1,9.8,31,20.9,10,14.1
"Tiffin, OH Micro Area",631,2325,16719,7356,3790,4233,327,1136,8849,3800,1444,2024,304,1189,7870,3556,2346,2209,1.7,6.2,44.8,19.7,10.2,11.4
"Tifton, GA Micro Area",1394,2966,8823,4770,3511,2064,681,1609,4524,2205,1225,1044,713,1357,4299,2565,2286,1020,5.4,11.4,34,18.4,13.5,8
"Toccoa, GA Micro Area",1082,2161,6997,3079,1124,1815,238,1224,3720,1120,506,1009,844,937,3277,1959,618,806,6.1,12.3,39.7,17.5,6.4,10.3
"Toledo, OH Metro Area",9584,29344,134418,97221,44870,73726,5141,15000,67587,48277,17634,33722,4443,14344,66831,48944,27236,40004,2.2,6.8,31,22.4,10.3,17
"Topeka, KS Metro Area",3778,7917,52652,36679,11445,29776,1577,3822,26885,17922,5146,13207,2201,4095,25767,18757,6299,16569,2.4,5,33.2,23.1,7.2,18.8
"Torrington, CT Micro Area",2935,5386,40102,25531,12443,28805,1609,2977,21782,12321,4795,13746,1326,2409,18320,13210,7648,15059,2.2,4,29.8,19,9.2,21.4
"Traverse City, MI Micro Area",1801,4366,27566,25735,10802,24287,1105,2490,13994,12500,4429,11808,696,1876,13572,13235,6373,12479,1.6,4,25,23.4,9.8,22.1
"Trenton-Princeton, NJ Metro Area",11469,14288,63046,36284,15094,57526,5950,7148,30959,16999,6376,25920,5519,7140,32087,19285,8718,31606,4.6,5.8,25.4,14.6,6.1,23.2
"Troy, AL Micro Area",646,1796,6446,4067,634,3095,206,793,3126,1933,265,1434,440,1003,3320,2134,369,1661,3.3,9.3,33.4,21.1,3.3,16
"Truckee-Grass Valley, CA Micro Area",1390,2754,13997,21395,8235,18883,556,1451,7500,9921,3804,8947,834,1303,6497,11474,4431,9936,1.8,3.6,18.3,28,10.8,24.7
"Tucson, AZ Metro Area",29495,47286,150259,175094,62271,135389,14116,24901,73450,84624,29297,63163,15379,22385,76809,90470,32974,72226,4.2,6.8,21.5,25,8.9,19.3
"Tullahoma-Manchester, TN Micro Area",3450,5621,28752,13617,5324,9203,2081,2971,13884,6135,2042,4667,1369,2650,14868,7482,3282,4536,4.8,7.8,40.1,19,7.4,12.8
"Tulsa, OK Metro Area",22722,43706,194276,156855,62015,125021,12111,22611,96931,71569,27870,59522,10611,21095,97345,85286,34145,65499,3.4,6.6,29.2,23.6,9.3,18.8
"Tupelo, MS Micro Area",5619,13567,31739,24621,11324,13901,2896,6830,15209,11816,5405,6377,2723,6737,16530,12805,5919,7524,5.1,12.3,28.7,22.3,10.2,12.6
"Tuscaloosa, AL Metro Area",5293,13935,49529,33984,13372,26724,2988,6909,24437,15806,6101,11788,2305,7026,25092,18178,7271,14936,3.3,8.6,30.7,21.1,8.3,16.6
"Twin Falls, ID Metro Area",4707,5325,19266,17334,8013,9332,2417,3061,10252,8086,3527,3799,2290,2264,9014,9248,4486,5533,6.8,7.6,27.7,24.9,11.5,13.4
"Tyler, TX Metro Area",8133,11400,35547,40403,14877,27612,4550,5671,17468,17895,5978,13172,3583,5729,18079,22508,8899,14440,5.4,7.5,23.5,26.7,9.8,18.3
"Ukiah, CA Micro Area",3765,4504,16306,17270,5300,9143,1863,2570,9164,8154,2076,3987,1902,1934,7142,9116,3224,5156,6.1,7.3,26.3,27.8,8.5,14.7
"Union, SC Micro Area",853,2225,7797,3958,2016,1895,551,1009,3968,1520,711,924,302,1216,3829,2438,1305,971,4.4,11.4,40,20.3,10.4,9.7
"Union City, TN Micro Area",1437,2071,9580,3820,1166,2125,730,1149,4723,1746,365,955,707,922,4857,2074,801,1170,6.7,9.7,44.8,17.9,5.5,9.9
"Urbana, OH Micro Area",644,1733,12364,5432,2486,2783,386,833,6252,2806,884,1225,258,900,6112,2626,1602,1558,2.4,6.4,45.9,20.2,9.2,10.3
"Urban Honolulu, HI Metro Area",24760,26782,175427,137030,74216,157631,9624,13617,90812,69394,36662,74751,15136,13165,84615,67636,37554,82880,3.6,3.9,25.7,20.1,10.9,23.1
"Utica-Rome, NY Metro Area",8090,13398,65004,38420,26020,29330,4214,7473,32962,18612,11045,14365,3876,5925,32042,19808,14975,14965,4,6.6,32.1,19,12.9,14.5
"Uvalde, TX Micro Area",2378,1670,4960,3000,1507,2432,1123,853,2325,1521,570,1127,1255,817,2635,1479,937,1305,14.2,10,29.6,17.9,9,14.5
"Valdosta, GA Metro Area",3485,8034,30150,18421,8087,13355,1861,4103,14516,8760,3740,5882,1624,3931,15634,9661,4347,7473,3.9,9,33.6,20.5,9,14.9
"Vallejo, CA Metro Area",17306,17524,72495,84521,32315,56808,8433,10179,37177,42179,15376,25441,8873,7345,35318,42342,16939,31367,5.6,5.7,23.6,27.5,10.5,18.5
"Van Wert, OH Micro Area",260,1255,8534,3716,2363,2037,158,636,4453,1856,932,907,102,619,4081,1860,1431,1130,1.3,6.4,43.8,19.1,12.1,10.5
"Vermillion, SD Micro Area",197,241,1555,1177,451,1881,145,91,904,512,248,964,52,150,651,665,203,917,2.8,3.4,21.9,16.6,6.4,26.5
"Vernal, UT Micro Area",337,2075,7958,5634,1485,2505,188,1137,3963,2712,603,1201,149,938,3995,2922,882,1304,1.6,9.9,38.1,27,7.1,12
"Vernon, TX Micro Area",801,1069,2939,2079,597,1044,312,491,1617,894,382,472,489,578,1322,1185,215,572,9.1,12.2,33.4,23.6,6.8,11.9
"Vicksburg, MS Micro Area",1303,3055,8939,7312,3440,4700,644,1698,4374,3050,1459,2062,659,1357,4565,4262,1981,2638,4.2,9.8,28.6,23.4,11,15.1
"Victoria, TX Metro Area",4762,6216,19773,16285,6439,8498,2043,2998,10160,7778,2954,3777,2719,3218,9613,8507,3485,4721,7.2,9.5,30.1,24.8,9.8,12.9
"Vidalia, GA Micro Area",1616,2275,8622,5184,1957,2186,693,1282,4488,2272,719,981,923,993,4134,2912,1238,1205,6.9,9.7,36.6,22,8.3,9.3
"Vincennes, IN Micro Area",751,2121,8898,5035,3721,2468,342,923,4518,2568,1814,1204,409,1198,4380,2467,1907,1264,3.1,8.6,36.2,20.5,15.1,10
"Vineland-Bridgeton, NJ Metro Area",7785,12056,39546,18370,7036,11307,3999,6900,22711,8928,2680,4335,3786,5156,16835,9442,4356,6972,7.7,11.9,38.9,18.1,6.9,11.1
"Vineyard Haven, MA Micro Area",159,408,3115,2596,1168,3236,37,304,1648,1117,536,1231,122,104,1467,1479,632,2005,1.2,3.1,23.4,19.5,8.8,24.3
"Virginia Beach-Norfolk-Newport News, VA-NC Metro Area",29859,66641,293638,289770,120089,239891,14975,33144,150762,139276,53663,106908,14884,33497,142876,150494,66426,132983,2.5,5.6,24.6,24.3,10.1,20.1
"Visalia, CA Metro Area",47266,29683,72791,61401,23213,26811,23901,15484,37771,29608,9690,12919,23365,14199,35020,31793,13523,13892,17.2,10.8,26.5,22.4,8.5,9.8
"Wabash, IN Micro Area",569,1638,9213,4159,1820,2522,275,765,4682,2182,626,1087,294,873,4531,1977,1194,1435,2.7,7.6,42.9,19.4,8.5,11.8
"Waco, TX Metro Area",10134,15186,47067,37890,16452,25653,4594,7801,23243,17224,7103,11976,5540,7385,23824,20666,9349,13677,6.1,9.1,28.2,22.7,9.9,15.4
"Wahpeton, ND-MN Micro Area",398,674,4115,3335,3052,2672,214,284,2299,1756,1628,1182,184,390,1816,1579,1424,1490,2.7,4.5,27.5,22.3,20.4,17.9
"Walla Walla, WA Metro Area",1996,2872,8304,10642,4774,6557,1013,1719,4118,5918,2003,3023,983,1153,4186,4724,2771,3534,5,7.2,20.7,26.6,11.9,16.4
"Wapakoneta, OH Micro Area",472,1658,13413,5932,3652,3558,285,1087,6828,2947,1482,1644,187,571,6585,2985,2170,1914,1.5,5.3,43.1,19.1,11.7,11.4
"Warner Robins, GA Metro Area",3763,6618,33023,28043,12881,19977,2019,3424,15522,13427,5297,9296,1744,3194,17501,14616,7584,10681,3.1,5.5,27.6,23.4,10.7,16.7
"Warren, PA Micro Area",558,1421,13158,5055,3245,3730,384,694,6800,2354,1648,1683,174,727,6358,2701,1597,2047,1.9,4.9,45.2,17.4,11.2,12.8
"Warrensburg, MO Micro Area",852,1521,9495,7504,2975,5437,552,825,4985,3947,1342,2548,300,696,4510,3557,1633,2889,2.7,4.8,30,23.7,9.4,17.2
"Warsaw, IN Micro Area",2870,4138,18069,10952,4028,8129,1614,1987,9057,5188,1813,4042,1256,2151,9012,5764,2215,4087,5.4,7.8,34.1,20.7,7.6,15.4
"Washington, IN Micro Area",3032,1930,7349,3319,2378,1776,1567,848,3786,1584,1128,846,1465,1082,3563,1735,1250,930,14.7,9.3,35.6,16.1,11.5,8.6
"Washington, NC Micro Area",1677,2327,10989,8421,3821,4301,983,1263,5300,3761,1460,1952,694,1064,5689,4660,2361,2349,4.9,6.8,32,24.5,11.1,12.5
"Washington-Arlington-Alexandria, DC-VA-MD-WV Metro Area",188402,182435,764507,675426,253356,1116205,96197,93161,378232,316201,106777,525844,92205,89274,386275,359225,146579,590361,4.4,4.3,17.9,15.8,5.9,26.1
"Washington Court House, OH Micro Area",709,2450,8845,3284,1324,1990,318,1135,4568,1557,488,847,391,1315,4277,1727,836,1143,3.6,12.5,45.1,16.8,6.8,10.2
"Waterloo-Cedar Falls, IA Metro Area",2694,5192,32897,22458,13404,21723,1426,2676,17081,10726,6306,10049,1268,2516,15816,11732,7098,11674,2.5,4.8,30.2,20.6,12.3,19.9
"Watertown, SD Micro Area",743,1176,8373,4748,3203,3489,447,744,4333,2309,1413,1536,296,432,4040,2439,1790,1953,3.2,5.1,36.6,20.7,14,15.2
"Watertown-Fort Atkinson, WI Micro Area",1845,2858,19214,12551,6850,10956,975,1512,10736,6040,2876,4746,870,1346,8478,6511,3974,6210,3.1,4.8,32.5,21.2,11.6,18.5
"Watertown-Fort Drum, NY Metro Area",1939,4473,24464,15309,8779,9455,898,2642,13149,8041,3920,5103,1041,1831,11315,7268,4859,4352,2.7,6.3,34.5,21.6,12.4,13.3
"Wauchula, FL Micro Area",2141,1999,8422,2395,842,1154,1062,1242,4343,1194,452,658,1079,757,4079,1201,390,496,12.3,11.5,48.4,13.8,4.8,6.6
"Wausau-Weston, WI Metro Area",3407,5464,39863,22053,15311,19868,1579,3366,21033,10753,7240,9011,1828,2098,18830,11300,8071,10857,3,4.8,34.8,19.2,13.4,17.3
"Waycross, GA Micro Area",1915,4693,15524,6553,3299,3417,1255,2614,8213,2834,1262,1585,660,2079,7311,3719,2037,1832,5.1,12.5,41.5,17.5,8.8,9.1
"Weatherford, OK Micro Area",839,1318,5095,4244,1207,3103,393,800,2411,2072,513,1675,446,518,2684,2172,694,1428,4.9,7.6,29.5,24.6,7,18
"Weirton-Steubenville, WV-OH Metro Area",2072,5558,35937,16381,9877,9663,1014,2702,17891,8184,4245,4245,1058,2856,18046,8197,5632,5418,2.4,6.6,42.4,19.3,11.6,11.4
"Wenatchee, WA Metro Area",7006,6453,21611,17952,7949,12589,3712,3330,11193,8247,3647,6170,3294,3123,10418,9705,4302,6419,8.7,8,26.8,22.3,9.9,15.6
"West Plains, MO Micro Area",1102,2753,10984,5737,2165,2788,553,1520,5393,2792,670,1173,549,1233,5591,2945,1495,1615,4,10,39.9,20.9,7.9,10.1
"West Point, MS Micro Area",711,1474,4730,2338,1427,1774,318,885,2239,1120,423,749,393,589,2491,1218,1004,1025,5.3,11,35.3,17.4,10.6,13.2
"Wheeling, WV-OH Metro Area",1868,6457,42212,19244,10725,13235,960,3502,21592,9350,4346,6408,908,2955,20620,9894,6379,6827,1.8,6.3,41.3,18.8,10.5,13
"Whitewater, WI Micro Area",1604,4264,20975,15242,6467,12932,826,2610,10971,7502,2942,5850,778,1654,10004,7740,3525,7082,2.3,6.2,30.5,22.1,9.4,18.8
"Wichita, KS Metro Area",15429,25111,111193,100028,36139,83855,8271,13203,56342,47837,15883,39192,7158,11908,54851,52191,20256,44663,3.7,6,26.6,24,8.7,20.1
"Wichita Falls, TX Metro Area",4361,6860,32539,23905,8090,15253,2500,3657,17107,11876,3780,6775,1861,3203,15432,12029,4310,8478,4.4,7,33,24.3,8.2,15.5
"Williamsport, PA Metro Area",1942,5731,30375,13964,9582,12546,913,3011,14515,7099,4173,5892,1029,2720,15860,6865,5409,6654,2.4,7.1,37.7,17.4,11.9,15.6
"Williston, ND Micro Area",454,1690,6722,5290,2827,4603,206,1202,4001,2678,1503,2385,248,488,2721,2612,1324,2218,2,7.4,29.5,23.2,12.4,20.2
"Willmar, MN Micro Area",1253,1361,7834,6705,4669,4919,683,676,4083,3227,2195,2298,570,685,3751,3478,2474,2621,4.3,4.7,27.1,23.2,16.2,17
"Wilmington, NC Metro Area",4757,10915,43662,43256,20307,52600,2507,5927,21468,21483,8057,24393,2250,4988,22194,21773,12250,28207,2.3,5.4,21.5,21.3,10,25.9
"Wilmington, OH Micro Area",766,2044,10969,6114,2798,3565,397,1064,5371,3177,1178,1627,369,980,5598,2937,1620,1938,2.7,7.2,38.7,21.5,9.9,12.6
"Wilson, NC Micro Area",3989,6355,18080,11043,5065,7438,1992,3274,8864,4928,1829,3003,1997,3081,9216,6115,3236,4435,7.2,11.4,32.5,19.8,9.1,13.4
"Winchester, VA-WV Metro Area",4838,7070,32327,20028,7727,14457,2621,3836,17083,9277,3279,6846,2217,3234,15244,10751,4448,7611,5,7.3,33.4,20.7,8,14.9
"Winfield, KS Micro Area",665,1372,6831,6154,2867,3249,394,780,3459,3119,1406,1269,271,592,3372,3035,1461,1980,2.9,5.9,29.5,26.6,12.4,14
"Winnemucca, NV Micro Area",709,1075,3629,2730,924,1449,449,639,1959,1393,540,726,260,436,1670,1337,384,723,6.3,9.6,32.5,24.4,8.3,13
"Winona, MN Micro Area",721,1318,8482,6604,4575,6487,345,884,4531,3576,1970,3104,376,434,3951,3028,2605,3383,2.3,4.2,26.9,20.9,14.5,20.5
"Winston-Salem, NC Metro Area",20404,37412,134476,102628,44173,79851,10827,20935,66253,45745,18312,35021,9577,16477,68223,56883,25861,44830,4.4,8.1,29,22.2,9.5,17.2
"Wisconsin Rapids-Marshfield, WI Micro Area",1223,2717,19886,10853,6662,6709,544,1684,10173,5083,2958,2903,679,1033,9713,5770,3704,3806,2.3,5.2,38.2,20.8,12.8,12.9
"Woodward, OK Micro Area",553,1434,6379,4028,890,2289,396,793,3586,2090,362,1137,157,641,2793,1938,528,1152,3.3,8.7,38.6,24.4,5.4,13.9
"Wooster, OH Micro Area",5763,4337,29885,13635,5636,10772,2968,2360,14823,6917,2327,4701,2795,1977,15062,6718,3309,6071,7.5,5.7,39.1,17.8,7.4,14.1
"Worcester, MA-CT Metro Area",20447,38315,185476,119004,59498,137301,10194,21064,96132,56527,24188,65811,10253,17251,89344,62477,35310,71490,3.1,5.9,28.3,18.2,9.1,21
"Worthington, MN Micro Area",2170,934,4314,2639,1539,1630,1344,564,2231,1364,735,765,826,370,2083,1275,804,865,15.7,6.7,31.1,19.1,11.1,11.8
"Yakima, WA Metro Area",22704,16419,41418,31932,13024,16611,12037,8999,21559,14294,5715,7543,10667,7420,19859,17638,7309,9068,14.9,10.8,27.2,21,8.5,10.9
"Yankton, SD Micro Area",534,984,5116,3280,1731,2391,327,503,3027,1742,899,1063,207,481,2089,1538,832,1328,3.4,6.2,32.2,20.6,10.9,15.1
"Yauco, PR Metro Area",10236,5793,20752,4755,7095,11202,5249,3428,10488,2148,3123,3697,4987,2365,10264,2607,3972,7505,16.3,9.2,33.1,7.6,11.3,17.9
"York-Hanover, PA Metro Area",8862,21391,122486,51458,29677,51084,4459,11004,61759,24889,12347,25182,4403,10387,60727,26569,17330,25902,2.8,6.8,39.2,16.5,9.5,16.3
"Youngstown-Warren-Boardman, OH-PA Metro Area",11082,26537,156494,74292,30987,56077,5270,13692,76933,36627,12042,27544,5812,12845,79561,37665,18945,28533,2.9,6.9,40.7,19.3,8.1,14.6
"Yuba City, CA Metro Area",10286,11162,26179,31050,11896,14497,5114,6182,13832,14205,5180,7050,5172,4980,12347,16845,6716,7447,9.2,10,23.4,27.7,10.6,12.9
"Yuma, AZ Metro Area",17979,16301,35887,33411,10372,13574,9146,8731,18962,16149,5033,6584,8833,7570,16925,17262,5339,6990,13.3,12.1,26.6,24.8,7.7,10.1
"Zanesville, OH Micro Area",1857,4792,24912,10870,6164,6334,828,2840,12810,4979,2281,2522,1029,1952,12102,5891,3883,3812,3.2,8.1,42.3,18.5,10.5,10.8
"Zapata, TX Micro Area",1722,1114,2458,1349,413,894,724,648,1411,769,140,159,998,466,1047,580,273,735,21.4,13.9,30.6,16.8,5.1,11.1
